[MS Spectrum]
# of Peaks	760
Raw Spectrum	[8.635],(scan:[3455])
Background	No Background Spectrum
Base Peak	m/z 502.15 (Inten : 138,599)
m/z	Absolute Intensity	Relative Intensity
50.65	37	0.03
51.65	21	0.02
52.65	25	0.02
53.65	2	0.00
54.65	4	0.00
56.65	22	0.02
57.65	50	0.04
59.10	1566	1.13
59.95	48	0.03
60.55	565	0.41
61.30	89	0.06
62.35	38	0.03
63.25	29	0.02
64.20	514	0.37
65.15	2	0.00
66.70	148	0.11
67.10	86	0.06
68.15	48	0.03
69.15	49	0.04
70.15	10	0.01
71.15	2	0.00
73.15	4	0.00
74.15	12	0.01
75.15	43	0.03
76.15	60	0.04
77.15	21	0.02
79.35	268	0.19
80.35	55	0.04
82.35	30	0.02
83.35	351	0.25
84.85	997	0.72
85.45	413	0.30
86.90	2766	2.00
87.75	497	0.36
90.75	9	0.01
91.75	5	0.00
92.75	19	0.01
93.75	55	0.04
94.75	3	0.00
95.75	39	0.03
96.75	49	0.04
97.75	27	0.02
98.75	22	0.02
100.05	7175	5.18
100.80	1660	1.20
101.35	535	0.39
102.35	84	0.06
103.35	12	0.01
105.05	3308	2.39
106.05	11	0.01
107.05	51	0.04
108.05	3	0.00
109.05	12	0.01
109.95	333	0.24
110.90	57	0.04
112.10	53	0.04
112.50	54	0.04
113.60	118	0.09
114.95	1929	1.39
115.85	13	0.01
116.85	32	0.02
118.85	8	0.01
120.35	1614	1.16
121.00	250	0.18
121.50	520	0.38
122.15	1275	0.92
124.10	214	0.15
124.85	22	0.02
125.50	1292	0.93
126.25	338	0.24
127.25	34	0.02
128.50	1124	0.81
129.05	433	0.31
129.60	1909	1.38
130.05	696	0.50
131.05	9	0.01
133.10	550	0.40
133.60	134	0.10
134.45	11	0.01
135.25	304	0.22
136.25	22	0.02
137.25	8	0.01
138.15	6	0.00
139.00	182	0.13
140.45	86	0.06
142.15	151	0.11
143.10	329	0.24
144.15	9	0.01
145.15	44	0.03
146.15	47	0.03
147.05	141	0.10
147.90	110	0.08
149.40	1040	0.75
150.35	9	0.01
151.35	20	0.01
153.35	19	0.01
154.35	31	0.02
155.25	326	0.24
156.00	501	0.36
157.00	557	0.40
157.90	270	0.19
160.05	217	0.16
162.00	64	0.05
163.05	422	0.30
164.05	5	0.00
166.05	6	0.00
167.05	13	0.01
168.15	514	0.37
169.60	46	0.03
170.40	83	0.06
171.70	1611	1.16
173.55	19	0.01
174.10	124	0.09
177.50	28	0.02
178.35	491	0.35
179.35	22	0.02
180.95	116	0.08
182.05	126	0.09
183.65	247	0.18
184.15	465	0.34
184.90	460	0.33
185.85	43	0.03
186.85	37	0.03
187.80	199	0.14
188.30	262	0.19
189.10	764	0.55
189.90	529	0.38
190.40	32	0.02
191.05	485	0.35
192.95	1	0.00
193.80	724	0.52
195.90	84	0.06
197.00	971	0.70
197.80	275	0.20
199.30	341	0.25
200.25	2	0.00
201.25	15	0.01
206.50	682	0.49
209.80	140	0.10
211.05	239	0.17
211.80	65	0.05
212.75	19	0.01
214.00	392	0.28
214.85	105	0.08
215.30	97	0.07
216.20	45	0.03
216.85	374	0.27
217.25	284	0.20
218.50	242	0.17
222.20	224	0.16
223.20	87	0.06
223.80	699	0.50
224.65	82	0.06
225.60	2522	1.82
226.15	3110	2.24
227.05	1425	1.03
228.00	1022	0.74
228.50	911	0.66
230.20	704	0.51
230.65	347	0.25
232.30	217	0.16
233.25	37	0.03
234.15	1215	0.88
235.20	763	0.55
236.55	251	0.18
237.30	118	0.09
238.25	33	0.02
239.15	2217	1.60
241.15	3	0.00
242.40	1020	0.74
243.70	2211	1.60
244.65	7	0.01
246.70	408	0.29
247.05	397	0.29
248.55	90	0.06
249.80	192	0.14
250.20	84	0.06
251.30	154	0.11
253.00	126	0.09
253.55	546	0.39
254.60	46	0.03
255.90	948	0.68
257.80	320	0.23
258.80	2785	2.01
259.25	2045	1.48
259.80	1133	0.82
260.25	987	0.71
260.80	562	0.41
261.90	735	0.53
263.90	1515	1.09
265.15	2026	1.46
266.10	1452	1.05
266.55	1200	0.87
267.20	95	0.07
267.65	725	0.52
268.45	53	0.04
269.30	329	0.24
270.10	8057	5.81
270.80	1366	0.99
271.30	238	0.17
272.25	11	0.01
273.05	655	0.47
273.60	331	0.24
275.15	629	0.45
275.65	820	0.59
277.35	2436	1.76
278.25	494	0.36
279.25	4002	2.89
280.00	1745	1.26
280.95	215	0.16
282.15	27136	19.58
283.05	9972	7.19
284.20	367	0.26
286.25	47	0.03
288.15	591	0.43
289.50	108	0.08
290.65	310	0.22
291.65	351	0.25
292.15	113	0.08
292.65	435	0.31
293.15	212	0.15
294.20	1292	0.93
294.70	326	0.24
295.70	3722	2.69
296.35	2657	1.92
297.10	1398	1.01
298.25	484	0.35
299.70	309	0.22
301.10	113	0.08
302.05	36	0.03
303.05	5	0.00
304.25	299	0.22
305.25	1	0.00
306.40	388	0.28
307.20	626	0.45
308.40	2659	1.92
309.25	122	0.09
310.05	2279	1.64
311.10	8446	6.09
311.90	1782	1.29
312.55	392	0.28
313.60	303	0.22
316.25	203	0.15
317.05	156	0.11
317.95	47	0.03
318.70	232	0.17
319.90	599	0.43
320.75	403	0.29
321.75	483	0.35
323.00	16558	11.95
324.45	4816	3.47
325.20	4242	3.06
327.15	832	0.60
327.80	1208	0.87
328.65	217	0.16
329.85	302	0.22
331.00	236	0.17
331.95	5	0.00
333.95	25	0.02
336.10	113	0.08
337.25	5976	4.31
338.00	1137	0.82
339.35	3092	2.23
340.05	58	0.04
340.90	830	0.60
341.35	361	0.26
342.25	19	0.01
343.15	397	0.29
344.05	108	0.08
344.80	742	0.54
346.20	238	0.17
348.15	1475	1.06
349.10	800	0.58
349.95	192	0.14
350.65	137	0.10
351.35	116	0.08
352.25	266	0.19
353.05	3884	2.80
353.85	58823	42.44
354.80	67073	48.39
356.05	27678	19.97
357.05	13369	9.65
358.05	712	0.51
359.80	1089	0.79
360.80	690	0.50
361.85	29	0.02
363.85	1644	1.19
364.70	703	0.51
365.25	863	0.62
365.75	1173	0.85
366.55	4	0.00
367.35	370	0.27
367.75	284	0.20
368.20	614	0.44
370.95	431	0.31
373.00	801	0.58
374.30	479	0.35
374.80	450	0.32
375.70	108	0.08
378.80	392	0.28
379.35	642	0.46
380.75	873	0.63
381.55	105	0.08
382.50	370	0.27
383.90	1280	0.92
385.05	465	0.34
385.80	555	0.40
387.05	1694	1.22
388.15	2335	1.68
389.55	845	0.61
390.90	2029	1.46
393.25	1312	0.95
393.75	322	0.23
394.25	1314	0.95
394.90	1123	0.81
395.95	6784	4.89
396.45	1620	1.17
397.30	2517	1.82
398.10	1113	0.80
399.25	3478	2.51
400.15	1488	1.07
400.75	273	0.20
401.40	75	0.05
402.35	310	0.22
403.15	934	0.67
403.95	2248	1.62
404.85	25	0.02
406.35	264	0.19
407.35	898	0.65
407.90	2016	1.45
408.30	1077	0.78
409.75	1622	1.17
412.20	5876	4.24
413.30	1283	0.93
413.85	4434	3.20
414.80	949	0.68
415.55	1294	0.93
416.20	166	0.12
417.10	1108	0.80
417.60	954	0.69
418.10	861	0.62
419.15	7	0.01
419.95	12	0.01
420.70	297	0.21
421.40	1779	1.28
422.35	19	0.01
423.50	540	0.39
424.10	973	0.70
424.95	2541	1.83
425.65	1005	0.73
426.70	390	0.28
427.65	5	0.00
429.20	2963	2.14
430.15	13	0.01
431.05	4537	3.27
432.00	1219	0.88
432.45	2538	1.83
432.95	1529	1.10
434.55	2633	1.90
435.55	3083	2.22
436.35	1798	1.30
437.50	2971	2.14
438.40	1382	1.00
439.45	579	0.42
440.25	2693	1.94
441.20	2209	1.59
442.25	1472	1.06
443.15	4	0.00
444.15	32	0.02
445.20	594	0.43
446.30	64	0.05
447.35	135	0.10
447.85	83	0.06
448.75	226	0.16
449.45	628	0.45
450.25	2914	2.10
450.95	902	0.65
451.60	3960	2.86
452.40	4217	3.04
453.40	885	0.64
454.15	1028	0.74
455.00	451	0.33
455.95	10	0.01
456.95	1351	0.97
458.35	1495	1.08
459.20	1160	0.84
460.30	576	0.42
461.25	34	0.02
462.25	8	0.01
463.40	1610	1.16
464.40	1311	0.95
464.75	399	0.29
465.30	538	0.39
466.05	533	0.38
467.55	1423	1.03
468.55	8	0.01
469.55	23	0.02
470.60	231	0.17
471.05	170	0.12
472.05	84	0.06
473.10	2730	1.97
474.20	2989	2.16
474.95	951	0.69
475.40	371	0.27
476.35	994	0.72
477.35	2713	1.96
477.95	605	0.44
479.00	110	0.08
480.50	845	0.61
481.35	26	0.02
482.30	2788	2.01
482.95	352	0.25
483.75	1117	0.81
485.15	87573	63.18
486.10	27654	19.95
487.25	6795	4.90
488.30	820	0.59
489.25	498	0.36
489.60	309	0.22
490.90	598	0.43
491.70	371	0.27
492.90	1444	1.04
493.80	153	0.11
494.65	1509	1.09
495.55	1507	1.09
496.40	9388	6.77
497.35	945	0.68
498.65	1027	0.74
499.45	19	0.01
500.30	715	0.52
501.25	6850	4.94
502.15	138599	100.00
503.20	41126	29.67
504.35	9202	6.64
505.15	5620	4.05
506.05	654	0.47
507.20	15041	10.85
508.30	3071	2.22
509.35	1102	0.80
510.35	1092	0.79
511.40	689	0.50
511.95	106	0.08
512.50	1031	0.74
513.45	564	0.41
514.05	3221	2.32
515.25	3076	2.22
516.15	29611	21.36
517.35	5704	4.12
517.90	4808	3.47
518.40	4122	2.97
519.35	1959	1.41
520.40	3776	2.72
521.15	727	0.52
522.70	4657	3.36
523.45	311	0.22
524.25	994	0.72
525.20	1095	0.79
525.95	530	0.38
526.50	164	0.12
527.10	330	0.24
527.45	298	0.22
528.05	2379	1.72
529.05	2379	1.72
530.25	96004	69.27
531.15	30407	21.94
532.45	3330	2.40
533.35	1823	1.32
534.25	1355	0.98
535.15	64	0.05
536.00	47	0.03
536.55	1501	1.08
537.05	978	0.71
538.45	2704	1.95
539.50	2381	1.72
540.15	2197	1.59
540.80	2327	1.68
541.25	2216	1.60
542.10	669	0.48
543.10	661	0.48
544.60	2345	1.69
545.55	1171	0.84
546.40	5747	4.15
547.15	2441	1.76
548.45	1947	1.40
549.35	20	0.01
550.10	294	0.21
551.40	3382	2.44
552.55	262	0.19
553.25	323	0.23
554.25	2001	1.44
554.90	117	0.08
555.50	477	0.34
556.50	1240	0.89
557.00	976	0.70
558.10	7035	5.08
559.55	2132	1.54
560.25	3725	2.69
561.05	3260	2.35
561.60	586	0.42
562.25	2255	1.63
562.65	1794	1.29
563.50	10607	7.65
564.35	3266	2.36
565.45	3901	2.81
566.30	817	0.59
566.70	330	0.24
567.25	211	0.15
569.35	295	0.21
571.05	1564	1.13
571.45	1028	0.74
572.00	2782	2.01
572.45	1531	1.10
573.40	436	0.31
574.30	1717	1.24
575.20	201	0.15
575.65	61	0.04
576.40	629	0.45
577.30	1451	1.05
578.30	22	0.02
578.80	499	0.36
579.40	2401	1.73
580.00	31	0.02
580.45	84	0.06
581.65	2092	1.51
582.60	180	0.13
583.20	784	0.57
584.45	5550	4.00
585.25	7345	5.30
586.35	769	0.55
587.75	225	0.16
589.30	1448	1.04
590.25	3424	2.47
591.10	424	0.31
591.60	1760	1.27
592.20	1035	0.75
593.30	1399	1.01
594.20	683	0.49
595.00	1625	1.17
595.75	90	0.06
596.35	864	0.62
596.90	1775	1.28
597.60	1721	1.24
598.40	642	0.46
599.15	261	0.19
599.50	114	0.08
600.20	603	0.44
600.65	179	0.13
601.30	695	0.50
602.10	316	0.23
604.70	83	0.06
605.70	1544	1.11
606.35	3581	2.58
607.05	4596	3.32
608.55	2738	1.98
609.65	3782	2.73
610.30	1500	1.08
611.35	2823	2.04
612.15	678	0.49
613.10	587	0.42
614.40	928	0.67
615.00	280	0.20
615.95	20	0.01
617.20	477	0.34
618.45	1569	1.13
619.20	1850	1.33
620.05	539	0.39
620.85	1662	1.20
621.55	652	0.47
623.55	22	0.02
624.45	1869	1.35
625.00	8986	6.48
625.90	1278	0.92
627.40	1303	0.94
628.30	6593	4.76
628.90	3997	2.88
629.60	537	0.39
630.60	1459	1.05
631.85	1549	1.12
632.40	1397	1.01
633.35	191	0.14
634.35	3919	2.83
635.00	1383	1.00
635.50	834	0.60
635.85	266	0.19
636.65	1070	0.77
637.30	1758	1.27
638.25	2103	1.52
639.15	464	0.33
639.95	1037	0.75
640.95	378	0.27
642.25	777	0.56
643.55	323	0.23
644.90	618	0.45
645.75	4	0.00
646.60	696	0.50
647.55	2343	1.69
648.55	420	0.30
649.10	2403	1.73
649.65	246	0.18
650.30	201	0.15
650.75	170	0.12
651.85	75	0.05
652.30	148	0.11
653.10	2445	1.76
653.85	54	0.04
654.45	428	0.31
655.05	150	0.11
656.20	1418	1.02
657.40	538	0.39
657.95	651	0.47
658.45	1622	1.17
659.65	387	0.28
660.50	666	0.48
661.30	834	0.60
662.20	1083	0.78
663.45	672	0.48
664.00	697	0.50
665.05	397	0.29
665.80	1200	0.87
667.05	464	0.33
667.65	1764	1.27
668.10	163	0.12
670.45	3524	2.54
671.30	2645	1.91
672.45	1807	1.30
673.35	1503	1.08
674.50	2015	1.45
675.50	406	0.29
676.10	2160	1.56
677.05	13	0.01
678.15	2389	1.72
679.15	138	0.10
679.70	129	0.09
680.20	549	0.40
681.15	3516	2.54
681.60	1190	0.86
682.60	1390	1.00
683.50	430	0.31
684.40	996	0.72
685.45	1290	0.93
686.05	370	0.27
687.05	63	0.05
688.00	1204	0.87
688.60	394	0.28
690.40	658	0.47
690.75	670	0.48
691.25	518	0.37
692.25	29	0.02
693.25	814	0.59
694.25	7	0.01
695.25	743	0.54
697.20	701	0.51
698.30	8008	5.78
699.45	2836	2.05
700.30	3018	2.18
701.45	2590	1.87
702.10	333	0.24
703.25	812	0.59
704.20	4981	3.59
705.15	1348	0.97
705.65	2461	1.78
706.70	3253	2.35
707.65	294	0.21
708.45	4139	2.99
709.15	3486	2.52
709.95	1827	1.32
710.40	412	0.30
711.90	2365	1.71
712.65	47	0.03
713.40	650	0.47
714.50	782	0.56
715.60	95	0.07
716.25	3734	2.69
717.40	3076	2.22
718.50	2076	1.50
719.15	4	0.00
720.00	2325	1.68
720.90	634	0.46
721.60	3318	2.39
722.65	542	0.39
723.15	706	0.51
724.05	1874	1.35
725.00	1561	1.13
725.60	164	0.12
726.65	2752	1.99
727.50	1033	0.75
728.10	376	0.27
728.70	969	0.70
729.70	1224	0.88
730.55	531	0.38
731.25	1900	1.37
732.50	3825	2.76
733.50	1542	1.11
734.70	63	0.05
736.45	12	0.01
737.20	576	0.42
738.75	118	0.09
739.85	428	0.31
740.65	3	0.00
741.50	173	0.12
743.45	17	0.01
744.35	2057	1.48
745.35	65	0.05
746.55	925	0.67
747.65	1965	1.42
748.40	510	0.37
749.25	3513	2.53
750.05	880	0.63
751.50	1068	0.77
752.60	373	0.27
753.45	45	0.03
754.25	1740	1.26
755.15	2284	1.65
755.85	237	0.17
756.50	457	0.33
757.25	567	0.41
758.35	27	0.02
759.70	6164	4.45
760.30	5372	3.88
761.40	2378	1.72
763.45	10	0.01
764.80	204	0.15
765.55	7	0.01
766.40	1586	1.14
766.85	837	0.60
767.65	561	0.40
768.95	764	0.55
769.60	563	0.41
770.50	1290	0.93
771.40	1954	1.41
773.05	177	0.13
773.75	1803	1.30
774.25	1145	0.83
775.30	1326	0.96
776.00	2255	1.63
776.80	1017	0.73
777.55	1099	0.79
778.35	395	0.28
779.00	469	0.34
779.45	1482	1.07
780.15	318	0.23
780.90	1501	1.08
782.30	2077	1.50
783.20	628	0.45
783.80	599	0.43
784.25	111	0.08
784.75	115	0.08
785.30	297	0.21
785.95	738	0.53
787.15	958	0.69
788.30	821	0.59
789.05	823	0.59
789.90	358	0.26
791.85	359	0.26
794.65	19	0.01
795.50	54	0.04
795.90	143	0.10
796.45	424	0.31
797.55	10342	7.46
799.10	570	0.41
Event	1
