[MS Spectrum]
# of Peaks	789
Raw Spectrum	[9.040],(scan:[3617])
Background	No Background Spectrum
Base Peak	m/z 353.90 (Inten : 31,251)
m/z	Absolute Intensity	Relative Intensity
51.65	16	0.05
52.65	8	0.03
53.65	26	0.08
54.65	52	0.17
56.65	32	0.10
57.65	29	0.09
58.65	58	0.19
59.65	7	0.02
60.90	107	0.34
61.40	119	0.38
62.35	7	0.02
63.50	68	0.22
65.45	24	0.08
66.45	7	0.02
67.45	6	0.02
68.45	32	0.10
69.45	49	0.16
70.45	50	0.16
71.45	36	0.12
73.30	846	2.71
74.20	754	2.41
75.15	5	0.02
76.15	4	0.01
79.20	2285	7.31
79.90	3131	10.02
81.75	11	0.04
82.70	279	0.89
83.25	837	2.68
84.75	1721	5.51
85.15	1507	4.82
86.65	2387	7.64
87.30	3520	11.26
87.95	660	2.11
88.45	1532	4.90
89.45	44	0.14
90.45	46	0.15
91.45	32	0.10
92.45	90	0.29
93.55	215	0.69
94.55	8	0.03
95.55	14	0.04
96.55	77	0.25
97.55	11	0.04
100.15	4336	13.87
101.00	5133	16.43
102.25	823	2.63
103.25	16	0.05
104.15	76	0.24
105.00	1986	6.35
105.60	71	0.23
107.20	424	1.36
107.65	128	0.41
109.05	328	1.05
109.85	141	0.45
110.65	6	0.02
111.45	241	0.77
112.00	85	0.27
112.40	170	0.54
113.05	158	0.51
113.45	188	0.60
114.55	918	2.94
115.20	2490	7.97
116.20	267	0.85
117.15	26	0.08
118.00	290	0.93
119.05	7	0.02
119.95	2527	8.09
120.90	1366	4.37
121.80	4111	13.15
123.00	507	1.62
123.75	674	2.16
124.30	391	1.25
125.90	8745	27.98
126.75	1685	5.39
128.05	627	2.01
128.85	289	0.92
129.90	2707	8.66
131.10	573	1.83
131.45	185	0.59
132.45	37	0.12
133.25	12	0.04
134.15	192	0.61
134.75	1048	3.35
135.65	246	0.79
136.25	349	1.12
136.70	105	0.34
137.30	37	0.12
137.65	71	0.23
138.40	130	0.42
138.75	226	0.72
139.75	755	2.42
140.25	470	1.50
141.05	746	2.39
142.15	1213	3.88
143.20	233	0.75
144.40	340	1.09
144.95	262	0.84
145.90	1947	6.23
146.75	5341	17.09
147.80	319	1.02
148.20	441	1.41
149.25	5	0.02
150.15	926	2.96
152.50	276	0.88
155.55	57	0.18
157.10	832	2.66
158.20	108	0.35
159.45	284	0.91
161.35	5	0.02
162.50	85	0.27
163.10	87	0.28
164.15	30	0.10
165.70	97	0.31
167.05	298	0.95
167.70	158	0.51
168.35	160	0.51
169.10	624	2.00
170.60	127	0.41
171.10	900	2.88
172.05	143	0.46
172.65	658	2.11
174.20	20	0.06
177.15	9	0.03
179.40	41	0.13
180.00	1021	3.27
180.75	970	3.10
182.15	359	1.15
183.40	302	0.97
183.95	276	0.88
184.65	210	0.67
185.70	174	0.56
186.70	101	0.32
187.30	67	0.21
188.10	326	1.04
189.75	143	0.46
191.05	129	0.41
193.60	328	1.05
194.30	393	1.26
195.05	909	2.91
195.95	2689	8.60
196.65	250	0.80
197.50	483	1.55
198.25	1149	3.68
198.75	303	0.97
200.25	51	0.16
200.80	180	0.58
201.60	560	1.79
202.30	953	3.05
204.90	382	1.22
205.75	1012	3.24
209.75	31	0.10
210.75	29	0.09
212.30	935	2.99
212.75	486	1.56
214.20	152	0.49
216.70	761	2.44
217.10	115	0.37
217.90	46	0.15
218.25	57	0.18
219.40	70	0.22
219.90	232	0.74
220.65	18	0.06
221.40	535	1.71
222.70	220	0.70
223.75	191	0.61
225.60	1360	4.35
226.95	1711	5.48
228.00	2143	6.86
228.65	323	1.03
230.05	4	0.01
230.75	826	2.64
232.95	4	0.01
234.95	1	0.00
235.95	25	0.08
236.95	6	0.02
237.90	227	0.73
238.35	835	2.67
239.05	38	0.12
240.25	798	2.55
242.05	924	2.96
243.85	1905	6.10
244.85	1310	4.19
245.75	11	0.04
247.15	1884	6.03
247.95	560	1.79
248.85	124	0.40
249.50	222	0.71
250.10	78	0.25
253.40	382	1.22
254.10	395	1.26
254.85	533	1.71
255.90	708	2.27
256.40	594	1.90
257.15	557	1.78
258.95	2604	8.33
260.15	220	0.70
261.00	683	2.19
262.50	114	0.36
263.25	439	1.40
264.05	604	1.93
264.90	337	1.08
265.35	725	2.32
266.00	202	0.65
266.75	1420	4.54
267.70	914	2.92
268.95	329	1.05
270.25	1627	5.21
271.25	103	0.33
272.80	87	0.28
273.75	60	0.19
275.70	263	0.84
276.25	655	2.10
277.10	347	1.11
278.30	922	2.95
279.05	2454	7.85
279.95	1996	6.39
280.95	544	1.74
282.10	13279	42.49
283.05	556	1.78
284.00	2065	6.61
285.30	228	0.73
285.70	44	0.14
286.75	4	0.01
287.95	1571	5.03
289.05	621	1.99
290.15	17	0.05
291.70	619	1.98
293.00	868	2.78
293.85	58	0.19
294.50	1564	5.00
296.10	11518	36.86
297.30	1490	4.77
297.80	1212	3.88
298.25	826	2.64
299.00	69	0.22
299.95	1010	3.23
300.45	457	1.46
301.95	493	1.58
302.65	103	0.33
303.40	491	1.57
305.40	131	0.42
307.85	1178	3.77
309.00	261	0.84
309.80	1469	4.70
310.85	3520	11.26
311.55	1854	5.93
312.45	517	1.65
312.90	513	1.64
314.05	973	3.11
315.25	396	1.27
316.30	623	1.99
317.80	121	0.39
319.00	547	1.75
320.45	313	1.00
321.45	7	0.02
322.60	703	2.25
323.20	3274	10.48
324.20	3541	11.33
325.20	3246	10.39
325.95	888	2.84
326.90	205	0.66
327.95	26	0.08
328.95	1629	5.21
329.40	145	0.46
330.35	19	0.06
331.20	617	1.97
331.60	763	2.44
332.30	1004	3.21
333.35	239	0.76
333.75	146	0.47
335.20	290	0.93
335.95	1515	4.85
336.85	13356	42.74
338.20	2686	8.59
339.15	18	0.06
340.00	1710	5.47
341.10	1995	6.38
342.35	894	2.86
343.15	2501	8.00
344.15	818	2.62
347.15	2	0.01
348.20	352	1.13
349.30	917	2.93
350.15	618	1.98
350.95	632	2.02
352.00	1064	3.40
352.95	2755	8.82
353.90	31251	100.00
355.10	18326	58.64
355.90	5593	17.90
357.10	3448	11.03
358.10	1953	6.25
359.30	872	2.79
360.55	139	0.44
361.55	6	0.02
362.55	3	0.01
363.80	78	0.25
365.15	627	2.01
366.55	2244	7.18
367.60	244	0.78
368.30	2796	8.95
369.35	2181	6.98
369.80	721	2.31
370.55	9	0.03
371.30	796	2.55
373.15	852	2.73
374.35	238	0.76
375.55	360	1.15
376.90	303	0.97
377.40	81	0.26
378.30	1638	5.24
379.25	1353	4.33
379.80	302	0.97
380.50	1548	4.95
381.05	1442	4.61
381.90	1187	3.80
384.10	469	1.50
385.30	45	0.14
386.30	110	0.35
387.40	410	1.31
387.95	1461	4.68
389.30	235	0.75
390.25	24	0.08
391.25	2700	8.64
391.85	1198	3.83
392.90	322	1.03
393.25	64	0.20
394.05	1071	3.43
395.05	140	0.45
395.80	1326	4.24
397.00	953	3.05
398.05	933	2.99
399.45	995	3.18
400.50	2169	6.94
401.60	637	2.04
402.25	421	1.35
402.80	104	0.33
405.05	444	1.42
405.55	66	0.21
406.15	703	2.25
407.00	1851	5.92
408.20	1460	4.67
410.25	2492	7.97
410.90	590	1.89
411.90	340	1.09
412.75	1359	4.35
413.60	854	2.73
414.05	444	1.42
415.05	10	0.03
415.85	8	0.03
416.70	1790	5.73
417.50	1196	3.83
417.95	647	2.07
418.90	287	0.92
420.80	922	2.95
422.20	904	2.89
423.55	529	1.69
424.30	2654	8.49
424.85	2595	8.30
425.35	1408	4.51
426.20	2996	9.59
427.00	577	1.85
428.35	577	1.85
429.35	10	0.03
430.25	22	0.07
431.10	3622	11.59
432.20	2261	7.23
432.90	1610	5.15
433.55	1046	3.35
434.00	1193	3.82
434.55	1772	5.67
435.10	2995	9.58
436.10	4540	14.53
436.90	673	2.15
437.45	1594	5.10
437.95	646	2.07
438.50	1447	4.63
439.10	1231	3.94
440.10	3841	12.29
441.30	654	2.09
442.25	522	1.67
444.55	1084	3.47
445.10	208	0.67
446.25	719	2.30
447.95	1033	3.31
448.30	244	0.78
449.35	1067	3.41
450.70	551	1.76
452.45	3346	10.71
453.30	433	1.39
454.20	389	1.24
454.95	624	2.00
455.60	1016	3.25
456.35	357	1.14
457.20	3976	12.72
458.45	2554	8.17
459.55	1563	5.00
461.15	2519	8.06
462.50	257	0.82
463.40	1021	3.27
463.85	440	1.41
464.40	339	1.08
465.55	802	2.57
466.80	1293	4.14
467.70	2713	8.68
468.25	2057	6.58
469.15	1883	6.03
470.50	1470	4.70
471.35	569	1.82
472.10	219	0.70
473.05	3054	9.77
474.30	1189	3.80
475.40	4811	15.39
475.95	1630	5.22
477.50	1323	4.23
478.25	1083	3.47
479.25	1818	5.82
480.00	595	1.90
481.00	130	0.42
481.50	715	2.29
482.10	1528	4.89
482.75	2908	9.31
483.10	1828	5.85
484.30	1729	5.53
485.20	740	2.37
486.30	413	1.32
487.20	148	0.47
487.80	769	2.46
488.20	289	0.92
489.15	1842	5.89
490.50	416	1.33
491.15	1993	6.38
492.30	1045	3.34
493.20	1155	3.70
494.05	3005	9.62
495.30	2156	6.90
496.40	1453	4.65
497.20	353	1.13
498.25	1443	4.62
499.25	155	0.50
500.25	5061	16.19
500.80	2293	7.34
501.40	4327	13.85
502.20	8480	27.14
503.20	4349	13.92
503.70	3212	10.28
504.25	3778	12.09
504.70	1467	4.69
505.15	4088	13.08
506.30	3018	9.66
507.20	1459	4.67
507.90	1004	3.21
509.50	442	1.41
510.20	981	3.14
511.60	888	2.84
512.30	959	3.07
513.40	1855	5.94
514.25	724	2.32
514.65	515	1.65
515.30	445	1.42
516.00	3955	12.66
517.25	3508	11.23
518.10	5068	16.22
519.45	8190	26.21
520.30	4799	15.36
520.95	701	2.24
522.20	3759	12.03
524.25	2071	6.63
525.25	528	1.69
525.80	1296	4.15
526.75	33	0.11
528.50	79	0.25
529.35	383	1.23
529.95	941	3.01
531.20	1491	4.77
531.65	481	1.54
532.20	1848	5.91
532.60	1019	3.26
533.30	3868	12.38
534.45	780	2.50
535.60	928	2.97
536.65	2235	7.15
537.40	236	0.76
537.95	2204	7.05
538.60	694	2.22
539.30	1954	6.25
540.15	3406	10.90
541.60	2359	7.55
542.15	2671	8.55
542.60	2576	8.24
543.70	190	0.61
544.35	115	0.37
544.85	873	2.79
545.30	1418	4.54
545.90	1472	4.71
546.35	1087	3.48
547.15	383	1.23
548.45	2681	8.58
548.90	613	1.96
549.60	1899	6.08
550.20	2463	7.88
551.20	656	2.10
551.60	1098	3.51
552.20	189	0.60
553.15	8	0.03
554.05	986	3.16
554.70	451	1.44
555.55	1476	4.72
556.40	5043	16.14
557.20	3131	10.02
558.25	3027	9.69
559.25	2534	8.11
560.10	2473	7.91
560.55	875	2.80
561.55	3045	9.74
562.30	465	1.49
562.75	1616	5.17
563.25	1972	6.31
564.60	2254	7.21
565.10	1767	5.65
566.85	449	1.44
567.50	1371	4.39
568.30	1068	3.42
569.05	1633	5.23
570.10	2034	6.51
571.25	900	2.88
571.70	246	0.79
572.15	199	0.64
573.35	448	1.43
573.80	111	0.36
574.40	1075	3.44
575.55	4822	15.43
576.45	575	1.84
577.45	4591	14.69
578.40	1768	5.66
579.40	1368	4.38
580.75	1609	5.15
581.50	2753	8.81
582.35	26	0.08
583.15	2869	9.18
584.35	5780	18.50
585.15	3623	11.59
586.45	204	0.65
587.30	915	2.93
588.60	491	1.57
589.20	532	1.70
589.60	943	3.02
590.10	859	2.75
590.60	1111	3.56
591.70	3325	10.64
592.30	1653	5.29
592.75	3013	9.64
593.40	1598	5.11
594.75	635	2.03
595.60	1478	4.73
596.40	204	0.65
597.15	1030	3.30
599.25	1478	4.73
599.65	1082	3.46
600.20	1768	5.66
600.90	60	0.19
601.85	210	0.67
602.45	183	0.59
603.05	61	0.20
603.55	18	0.06
604.00	57	0.18
604.55	660	2.11
605.45	1575	5.04
606.30	600	1.92
607.05	360	1.15
607.90	2317	7.41
608.80	502	1.61
609.45	3933	12.59
610.35	1253	4.01
611.50	1635	5.23
612.05	189	0.60
612.60	921	2.95
613.05	556	1.78
614.00	116	0.37
614.55	1142	3.65
615.45	1062	3.40
616.75	1030	3.30
618.20	969	3.10
619.40	1092	3.49
620.15	378	1.21
620.80	469	1.50
621.60	357	1.14
622.50	84	0.27
623.10	426	1.36
623.60	221	0.71
624.45	2366	7.57
625.45	4062	13.00
626.15	1593	5.10
627.20	997	3.19
627.60	1659	5.31
628.30	1194	3.82
628.75	537	1.72
629.40	888	2.84
630.35	1256	4.02
631.25	1706	5.46
632.40	782	2.50
633.50	919	2.94
634.10	414	1.32
635.35	2005	6.42
636.20	1323	4.23
636.80	903	2.89
637.20	441	1.41
637.85	364	1.16
638.85	2	0.01
639.80	3236	10.35
640.40	3027	9.69
641.50	947	3.03
642.25	2236	7.15
645.60	1065	3.41
647.40	4087	13.08
648.80	1358	4.35
649.50	3083	9.87
650.35	2	0.01
651.20	466	1.49
652.50	1522	4.87
653.20	166	0.53
653.75	291	0.93
654.40	785	2.51
656.25	1078	3.45
658.45	894	2.86
659.45	48	0.15
660.45	11	0.04
661.35	30	0.10
662.15	371	1.19
663.05	2425	7.76
663.50	955	3.06
664.75	435	1.39
665.50	2063	6.60
667.05	291	0.93
668.05	55	0.18
669.10	350	1.12
669.45	502	1.61
670.25	5302	16.97
671.40	2881	9.22
672.25	720	2.30
673.10	418	1.34
673.70	682	2.18
674.80	1368	4.38
675.40	2757	8.82
675.90	864	2.76
676.90	159	0.51
677.90	1442	4.61
678.50	1230	3.94
679.40	856	2.74
680.00	608	1.95
680.60	1097	3.51
681.05	2459	7.87
682.40	4844	15.50
683.55	1692	5.41
684.35	1803	5.77
684.90	928	2.97
685.35	712	2.28
686.00	453	1.45
686.75	17	0.05
687.65	515	1.65
688.05	589	1.88
689.05	270	0.86
689.85	1324	4.24
690.30	1361	4.36
690.95	32	0.10
691.80	57	0.18
692.15	47	0.15
692.85	1088	3.48
693.50	2900	9.28
694.30	1804	5.77
695.10	790	2.53
696.00	485	1.55
696.45	1692	5.41
697.30	1313	4.20
698.35	13804	44.17
699.35	6757	21.62
700.10	961	3.08
700.65	478	1.53
701.35	1303	4.17
702.75	1187	3.80
703.65	501	1.60
704.50	6489	20.76
705.20	6252	20.01
706.65	2912	9.32
707.15	3883	12.43
707.70	782	2.50
708.25	4144	13.26
709.10	7133	22.82
710.55	932	2.98
711.20	1424	4.56
712.40	4398	14.07
714.00	340	1.09
714.45	1610	5.15
715.20	460	1.47
715.95	497	1.59
716.50	1404	4.49
717.45	1205	3.86
718.10	467	1.49
719.10	1203	3.85
720.20	1164	3.72
720.95	11	0.04
721.70	976	3.12
722.40	1078	3.45
723.05	1374	4.40
724.10	329	1.05
726.20	9074	29.04
727.50	1850	5.92
728.40	1311	4.20
729.15	74	0.24
729.95	1886	6.04
730.45	3140	10.05
731.15	2022	6.47
731.55	1853	5.93
732.40	2956	9.46
733.45	180	0.58
734.25	1451	4.64
734.90	3825	12.24
736.40	4981	15.94
737.05	1914	6.12
737.90	403	1.29
738.70	60	0.19
739.45	917	2.93
740.10	402	1.29
741.35	321	1.03
742.25	362	1.16
743.00	178	0.57
743.70	789	2.52
744.10	462	1.48
745.00	1800	5.76
745.55	477	1.53
746.35	3432	10.98
747.05	75	0.24
747.75	1615	5.17
748.35	2044	6.54
749.55	1926	6.16
750.50	608	1.95
751.10	252	0.81
752.20	2693	8.62
753.15	904	2.89
754.25	2150	6.88
755.35	985	3.15
756.00	114	0.36
756.50	612	1.96
758.20	1872	5.99
760.10	698	2.23
761.15	177	0.57
761.90	732	2.34
762.35	1176	3.76
763.35	497	1.59
764.05	691	2.21
765.30	1627	5.21
767.25	483	1.55
767.65	338	1.08
768.20	407	1.30
771.00	549	1.76
771.45	290	0.93
772.45	1299	4.16
773.10	1325	4.24
774.05	593	1.90
774.70	667	2.13
775.30	970	3.10
775.95	3087	9.88
776.35	2717	8.69
777.15	556	1.78
777.65	425	1.36
778.30	370	1.18
779.15	483	1.55
779.75	127	0.41
780.40	2697	8.63
781.25	895	2.86
782.25	1469	4.70
783.30	1018	3.26
784.25	1645	5.26
785.40	1376	4.40
786.35	1488	4.76
786.75	339	1.08
787.30	878	2.81
788.35	316	1.01
789.40	219	0.70
789.95	2445	7.82
790.95	273	0.87
793.05	234	0.75
795.35	437	1.40
796.10	298	0.95
796.70	410	1.31
797.45	936	3.00
798.40	1189	3.80
799.15	31	0.10
799.90	87	0.28
Event	1
