[MS Spectrum]
# of Peaks	616
Raw Spectrum	[6.575],(scan:[2631])
Background	No Background Spectrum
Base Peak	m/z 156.85 (Inten : 1,158,014)
m/z	Absolute Intensity	Relative Intensity
54.65	28	0.00
58.80	592	0.05
59.40	347	0.03
61.00	109	0.01
63.05	5	0.00
64.05	1	0.00
66.85	13580	1.17
67.70	5428	0.47
68.80	2455	0.21
70.25	278	0.02
72.85	437	0.04
76.20	64	0.01
78.15	2673	0.23
79.05	236416	20.42
80.15	6268	0.54
81.00	14550	1.26
81.90	729	0.06
83.15	3328	0.29
83.95	1484	0.13
84.75	121	0.01
86.90	5117	0.44
87.55	361	0.03
88.35	13001	1.12
89.35	16	0.00
92.40	7124	0.62
93.35	10	0.00
95.35	36	0.00
96.50	3816	0.33
97.25	826	0.07
99.10	735	0.06
99.85	3693	0.32
100.80	390	0.03
101.35	165	0.01
103.50	219	0.02
104.85	79	0.01
107.15	337	0.03
107.75	468	0.04
108.65	2	0.00
109.60	325	0.03
110.30	1065	0.09
112.00	980	0.08
114.30	456	0.04
115.30	1299	0.11
119.15	18671	1.61
119.95	527755	45.57
120.80	54855	4.74
121.85	37092	3.20
123.00	146	0.01
124.05	2254	0.19
125.35	91	0.01
127.45	196	0.02
128.25	37	0.00
129.05	945	0.08
130.20	443	0.04
135.05	45	0.00
135.90	253	0.02
136.95	399	0.03
137.95	1	0.00
138.95	4	0.00
139.85	8	0.00
140.80	328	0.03
141.75	13	0.00
143.15	1455	0.13
145.00	241	0.02
147.10	1901	0.16
150.90	240	0.02
152.00	81	0.01
154.35	197	0.02
154.95	254	0.02
155.95	21161	1.83
156.85	1158014	100.00
157.95	36287	3.13
158.85	141251	12.20
159.95	4791	0.41
160.45	2037	0.18
161.00	4792	0.41
161.85	1799	0.16
162.75	610	0.05
163.10	263	0.02
163.90	569	0.05
165.20	2465	0.21
166.15	1544	0.13
167.30	11	0.00
168.15	709	0.06
168.75	1449	0.13
170.70	598	0.05
171.40	1191	0.10
172.00	1132	0.10
174.00	1771	0.15
174.95	11	0.00
175.95	3	0.00
177.90	457	0.04
178.85	14	0.00
179.85	25	0.00
181.75	81	0.01
183.15	515	0.04
184.15	5	0.00
185.70	1373	0.12
186.75	204	0.02
189.75	13	0.00
192.10	383	0.03
193.05	2	0.00
194.05	844	0.07
195.20	2645	0.23
196.00	1194	0.10
196.60	446	0.04
197.45	1761	0.15
198.15	2879	0.25
199.20	2665	0.23
199.90	860	0.07
200.65	12	0.00
201.50	1016	0.09
202.55	2784	0.24
205.30	114	0.01
207.00	108	0.01
207.95	3	0.00
209.65	318	0.03
211.15	363	0.03
212.05	157	0.01
213.45	164	0.01
214.25	1353	0.12
216.30	643	0.06
218.45	162	0.01
219.45	12	0.00
220.70	28	0.00
221.05	27	0.00
221.80	345	0.03
222.25	269	0.02
223.25	51	0.00
224.20	672	0.06
225.40	1566	0.14
226.10	1334	0.12
227.80	110	0.01
228.50	1776	0.15
229.20	116	0.01
230.35	211	0.02
231.30	684	0.06
234.05	197	0.02
234.95	5	0.00
235.95	1035	0.09
236.95	399	0.03
239.05	3393	0.29
240.10	1875	0.16
241.15	6	0.00
243.15	1	0.00
244.70	366	0.03
245.75	17	0.00
246.75	14	0.00
248.45	148	0.01
250.20	708	0.06
250.70	466	0.04
252.30	426	0.04
253.00	122	0.01
256.10	303	0.03
257.00	661	0.06
257.60	75	0.01
258.25	235	0.02
260.20	192	0.02
261.00	207	0.02
264.10	118	0.01
264.80	426	0.04
266.45	495	0.04
267.25	23	0.00
268.00	672	0.06
269.10	99	0.01
270.55	305	0.03
271.05	1080	0.09
273.05	4	0.00
274.10	338	0.03
275.90	727	0.06
276.95	1242	0.11
277.60	347	0.03
278.65	823	0.07
280.15	2131	0.18
280.90	2542	0.22
282.00	137	0.01
283.30	1735	0.15
283.75	1158	0.10
285.45	398	0.03
287.85	1551	0.13
288.60	2458	0.21
289.05	1865	0.16
290.00	130	0.01
290.80	6176	0.53
292.15	820	0.07
294.15	2357	0.20
295.15	60	0.01
296.05	3371	0.29
296.95	467	0.04
298.20	1222	0.11
298.75	36	0.00
299.65	367	0.03
300.20	343	0.03
302.40	309	0.03
303.45	343	0.03
304.55	560	0.05
305.30	343	0.03
306.10	1171	0.10
307.40	886	0.08
307.90	780	0.07
308.80	3349	0.29
309.80	2660	0.23
310.40	1377	0.12
311.20	1389	0.12
312.05	3532	0.31
313.05	1211	0.10
316.10	2054	0.18
316.95	120	0.01
317.70	338	0.03
318.75	36	0.00
320.15	265	0.02
321.05	1192	0.10
322.30	423	0.04
324.35	2509	0.22
325.05	361	0.03
326.00	183	0.02
327.35	702	0.06
328.00	1040	0.09
331.95	241	0.02
334.25	1844	0.16
336.00	600	0.05
337.00	631	0.05
337.75	1034	0.09
338.15	690	0.06
338.60	849	0.07
339.20	121	0.01
340.15	1205	0.10
340.90	203	0.02
341.30	490	0.04
342.20	1663	0.14
342.90	1330	0.11
343.45	545	0.05
344.05	76	0.01
345.05	2383	0.21
346.95	410	0.04
347.25	183	0.02
348.60	784	0.07
349.65	630	0.05
350.10	1260	0.11
351.90	1100	0.09
353.25	1098	0.09
354.75	311	0.03
355.40	177	0.02
356.20	679	0.06
356.90	266	0.02
357.85	3900	0.34
358.55	1958	0.17
359.35	1461	0.13
360.05	1593	0.14
361.40	1118	0.10
362.25	117	0.01
365.25	69	0.01
366.25	335	0.03
367.25	4	0.00
368.25	800	0.07
368.60	388	0.03
369.70	516	0.04
370.55	342	0.03
371.40	1659	0.14
371.90	1869	0.16
372.85	2897	0.25
374.25	1016	0.09
375.10	2298	0.20
375.80	1248	0.11
378.10	1251	0.11
378.90	951	0.08
380.15	496	0.04
383.30	540	0.05
384.05	57	0.00
384.95	1572	0.14
385.75	22	0.00
387.00	880	0.08
388.10	412	0.04
389.15	1258	0.11
390.05	1676	0.14
391.00	4014	0.35
391.85	162	0.01
394.25	543	0.05
395.15	180	0.02
399.70	348	0.03
400.80	519	0.04
401.85	625	0.05
403.00	237	0.02
403.95	40	0.00
405.30	432	0.04
406.35	557	0.05
407.15	366	0.03
408.50	318	0.03
410.15	290	0.03
411.35	699	0.06
412.70	341	0.03
413.50	752	0.06
414.05	418	0.04
416.80	621	0.05
417.70	857	0.07
419.05	104	0.01
419.45	89	0.01
420.30	369	0.03
421.20	4431	0.38
422.00	1092	0.09
422.75	303	0.03
425.15	258	0.02
427.15	54	0.00
429.60	485	0.04
430.10	507	0.04
430.95	337	0.03
431.60	203	0.02
432.85	1973	0.17
433.75	294	0.03
434.35	1159	0.10
434.75	988	0.09
435.65	550	0.05
436.35	622	0.05
437.00	77	0.01
438.05	978	0.08
438.65	156	0.01
439.20	201	0.02
439.95	205	0.02
440.50	1085	0.09
441.00	287	0.02
442.95	34	0.00
445.50	630	0.05
446.05	1140	0.10
446.85	354	0.03
447.85	1023	0.09
449.00	588	0.05
449.60	402	0.03
450.65	40	0.00
451.65	2	0.00
452.55	59	0.01
453.40	1332	0.12
455.85	885	0.08
456.90	1753	0.15
457.60	309	0.03
458.35	646	0.06
459.10	79	0.01
459.50	126	0.01
459.90	312	0.03
462.25	94	0.01
463.05	1856	0.16
463.90	36283	3.13
464.85	3760	0.32
466.00	1571	0.14
467.05	15	0.00
468.25	406	0.04
471.05	210	0.02
474.85	10	0.00
475.65	498	0.04
476.35	894	0.08
477.05	158	0.01
479.05	820	0.07
481.05	2	0.00
482.20	906	0.08
482.90	910	0.08
483.85	21	0.00
485.45	1035	0.09
486.50	226	0.02
487.35	256	0.02
488.35	369	0.03
489.45	181	0.02
491.45	10	0.00
494.00	4959	0.43
495.20	2314	0.20
495.75	1099	0.09
497.15	1516	0.13
498.85	535	0.05
499.35	792	0.07
499.95	45	0.00
500.40	337	0.03
501.45	523	0.05
502.45	15	0.00
503.80	329	0.03
505.00	7635	0.66
505.85	1508	0.13
507.15	722	0.06
507.60	144	0.01
508.70	200	0.02
510.45	61	0.01
511.30	265	0.02
512.35	1026	0.09
513.35	1	0.00
514.35	5	0.00
515.40	448	0.04
516.25	186	0.02
517.35	183	0.02
519.25	55	0.00
520.10	1445	0.12
521.05	1634	0.14
521.60	365	0.03
522.40	46	0.00
522.75	98	0.01
523.60	1778	0.15
524.25	1683	0.15
525.00	4714	0.41
525.60	2098	0.18
526.20	3515	0.30
526.65	2315	0.20
527.45	163	0.01
528.35	43	0.00
529.15	649	0.06
530.15	4	0.00
532.30	296	0.03
533.35	34	0.00
535.35	2088	0.18
535.75	1675	0.14
536.40	1952	0.17
538.25	16	0.00
539.25	967	0.08
540.15	9	0.00
541.15	624	0.05
541.90	1070	0.09
542.35	3139	0.27
545.50	236	0.02
547.10	880	0.08
548.95	3514	0.30
549.60	1872	0.16
550.20	6484	0.56
550.70	1593	0.14
551.30	318	0.03
552.30	409	0.04
554.25	39	0.00
556.15	699	0.06
559.15	10	0.00
560.15	1	0.00
561.65	364	0.03
562.65	9	0.00
564.20	893	0.08
565.15	9	0.00
566.15	3	0.00
567.30	1037	0.09
569.25	2	0.00
570.25	1	0.00
572.25	36	0.00
573.25	34	0.00
574.10	446	0.04
575.05	234	0.02
575.75	1999	0.17
576.40	446	0.04
577.00	214	0.02
577.70	343	0.03
578.25	249	0.02
579.25	6	0.00
580.50	542	0.05
581.05	601	0.05
581.55	1465	0.13
582.45	11	0.00
583.25	87	0.01
584.95	1411	0.12
586.95	137	0.01
588.30	642	0.06
589.00	305	0.03
591.05	9	0.00
592.40	1058	0.09
594.65	113	0.01
595.25	611	0.05
596.25	1794	0.15
596.90	2218	0.19
597.80	415	0.04
598.90	209	0.02
601.10	498	0.04
602.95	4	0.00
603.80	135	0.01
605.00	117	0.01
606.10	665	0.06
606.60	113	0.01
607.45	33	0.00
608.05	829	0.07
610.15	9	0.00
610.95	414	0.04
612.50	290	0.03
613.40	271	0.02
614.15	249	0.02
615.15	316	0.03
615.75	137	0.01
616.75	14	0.00
617.55	198	0.02
618.50	488	0.04
620.45	1	0.00
622.45	13	0.00
624.35	2	0.00
625.25	339	0.03
626.25	4	0.00
627.25	34	0.00
629.55	635	0.05
630.55	36	0.00
632.00	1006	0.09
633.30	781	0.07
633.85	339	0.03
634.95	302	0.03
635.70	46	0.00
636.50	579	0.05
638.40	760	0.07
639.40	538	0.05
640.10	228	0.02
641.05	38	0.00
642.05	15	0.00
643.05	299	0.03
643.95	8	0.00
644.85	566	0.05
645.45	320	0.03
646.05	709	0.06
646.55	278	0.02
647.55	7	0.00
650.45	86	0.01
651.40	351	0.03
653.35	8	0.00
654.30	2366	0.20
654.90	2853	0.25
656.30	359	0.03
659.20	217	0.02
660.15	11	0.00
661.35	149	0.01
662.35	6507	0.56
663.60	3752	0.32
664.15	4115	0.36
665.25	3094	0.27
667.65	618	0.05
669.75	7	0.00
670.70	28	0.00
671.05	79	0.01
671.85	7	0.00
672.65	663	0.06
674.05	106	0.01
675.55	1098	0.09
676.55	282	0.02
677.10	365	0.03
678.35	1751	0.15
679.40	1567	0.14
679.85	533	0.05
682.10	129	0.01
682.45	293	0.03
683.05	862	0.07
684.10	686	0.06
685.30	365	0.03
686.30	149	0.01
687.00	102	0.01
687.75	570	0.05
688.55	1507	0.13
689.55	2580	0.22
690.30	25823	2.23
691.25	5308	0.46
691.85	708	0.06
692.40	881	0.08
694.80	3578	0.31
695.65	476	0.04
696.65	43	0.00
698.60	177	0.02
701.65	14	0.00
703.00	570	0.05
704.35	285	0.02
706.20	460	0.04
708.35	2814	0.24
709.40	528	0.05
710.30	435	0.04
711.50	1755	0.15
712.10	860	0.07
712.85	315	0.03
715.10	765	0.07
716.35	7438	0.64
717.40	3608	0.31
718.25	2952	0.25
719.85	590	0.05
721.55	819	0.07
722.40	67	0.01
723.90	1206	0.10
726.65	220	0.02
729.55	3	0.00
730.30	360	0.03
731.15	233	0.02
733.95	950	0.08
734.50	904	0.08
735.05	446	0.04
735.70	1591	0.14
736.10	588	0.05
738.50	86	0.01
739.50	76	0.01
740.30	351	0.03
742.35	277	0.02
743.15	236	0.02
743.45	105	0.01
744.40	558	0.05
747.60	72	0.01
751.00	723	0.06
752.25	99	0.01
752.55	230	0.02
753.55	11	0.00
756.30	174	0.02
758.40	168	0.01
759.35	873	0.08
760.35	1	0.00
761.95	257	0.02
764.00	368	0.03
765.95	1	0.00
767.95	15	0.00
768.95	20	0.00
770.95	57	0.00
771.85	6	0.00
772.75	446	0.04
774.75	39	0.00
776.75	4	0.00
779.20	192	0.02
781.15	2	0.00
783.55	88	0.01
784.60	498	0.04
785.55	5	0.00
786.55	5	0.00
788.30	1632	0.14
789.10	299	0.03
789.90	87	0.01
790.80	134	0.01
791.55	472	0.04
792.45	223	0.02
793.45	2	0.00
794.45	9	0.00
795.50	1352	0.12
797.55	27	0.00
Event	1
