[MS Spectrum]
# of Peaks	826
Raw Spectrum	[9.297],(scan:[3720])
Background	No Background Spectrum
Base Peak	m/z 52.05 (Inten : 39,096)
m/z	Absolute Intensity	Relative Intensity
50.65	6226	15.92
52.05	39096	100.00
53.70	17071	43.66
54.80	13697	35.03
55.85	9817	25.11
56.85	7863	20.11
57.95	7919	20.26
59.00	5309	13.58
60.05	6750	17.27
60.65	2325	5.95
61.30	7883	20.16
62.55	10552	26.99
64.05	8334	21.32
65.60	7607	19.46
66.90	5297	13.55
68.20	7404	18.94
69.50	5491	14.04
70.85	6857	17.54
71.85	1584	4.05
72.65	4829	12.35
73.75	3819	9.77
74.70	3448	8.82
75.95	5618	14.37
76.95	1366	3.49
77.55	5459	13.96
79.20	5136	13.14
80.50	2807	7.18
81.45	989	2.53
82.00	3026	7.74
82.85	1535	3.93
83.60	2285	5.84
84.80	3727	9.53
85.35	850	2.17
86.15	913	2.34
86.50	3582	9.16
87.80	2399	6.14
88.85	2082	5.33
89.60	957	2.45
90.65	1066	2.73
91.45	1904	4.87
92.50	2076	5.31
93.45	687	1.76
94.05	1877	4.80
94.85	640	1.64
95.65	1723	4.41
96.95	1466	3.75
97.50	673	1.72
98.25	1495	3.82
99.05	830	2.12
99.60	590	1.51
100.15	808	2.07
101.20	615	1.57
101.75	761	1.95
102.75	680	1.74
103.25	772	1.97
103.80	665	1.70
104.35	739	1.89
105.10	1124	2.87
105.85	741	1.90
106.40	556	1.42
106.90	549	1.40
107.50	1110	2.84
108.05	369	0.94
108.55	572	1.46
109.10	461	1.18
109.60	374	0.96
110.15	457	1.17
110.65	644	1.65
111.20	410	1.05
111.75	526	1.35
112.20	523	1.34
112.70	448	1.15
113.25	585	1.50
113.80	532	1.36
114.35	388	0.99
114.85	582	1.49
115.35	663	1.70
115.85	322	0.82
116.40	715	1.83
116.95	262	0.67
117.80	1175	3.01
118.55	268	0.69
119.05	447	1.14
119.60	339	0.87
120.15	355	0.91
120.60	369	0.94
121.20	378	0.97
122.20	442	1.13
122.75	504	1.29
123.30	378	0.97
124.05	985	2.52
124.85	220	0.56
125.35	431	1.10
125.90	256	0.65
126.45	284	0.73
126.90	392	1.00
127.45	217	0.56
128.00	381	0.97
128.50	365	0.93
129.00	412	1.05
129.60	322	0.82
130.10	258	0.66
130.60	274	0.70
131.15	432	1.10
131.70	335	0.86
132.20	215	0.55
132.75	307	0.79
133.20	349	0.89
133.85	269	0.69
134.70	423	1.08
135.35	235	0.60
135.85	340	0.87
136.35	259	0.66
137.00	240	0.61
137.40	285	0.73
137.90	142	0.36
138.55	292	0.75
139.00	354	0.91
139.45	249	0.64
140.10	247	0.63
140.60	259	0.66
141.10	138	0.35
141.60	286	0.73
142.20	277	0.71
142.70	241	0.62
143.25	276	0.71
143.90	899	2.30
144.80	192	0.49
145.25	143	0.37
145.85	136	0.35
146.30	211	0.54
146.80	216	0.55
147.40	170	0.43
147.90	275	0.70
148.50	159	0.41
149.45	1594	4.08
150.60	64	0.16
151.00	156	0.40
152.15	125	0.32
152.65	161	0.41
153.20	96	0.25
153.70	110	0.28
154.25	195	0.50
154.75	95	0.24
155.25	173	0.44
155.70	223	0.57
156.35	104	0.27
156.85	260	0.67
157.35	412	1.05
157.90	161	0.41
158.45	215	0.55
158.90	177	0.45
159.55	173	0.44
160.10	287	0.73
160.70	638	1.63
161.60	163	0.42
162.50	468	1.20
163.20	75	0.19
164.35	231	0.59
164.80	91	0.23
165.75	147	0.38
166.95	431	1.10
167.65	275	0.70
168.40	302	0.77
169.15	188	0.48
169.65	114	0.29
170.15	303	0.78
170.70	213	0.54
171.95	1252	3.20
172.95	18	0.05
173.95	37	0.09
174.95	112	0.29
175.30	73	0.19
176.85	137	0.35
177.55	48	0.12
178.05	207	0.53
178.60	114	0.29
179.20	122	0.31
179.70	233	0.60
180.20	96	0.25
180.80	208	0.53
181.25	105	0.27
182.40	202	0.52
182.85	154	0.39
183.40	78	0.20
183.95	93	0.24
184.40	114	0.29
185.05	191	0.49
185.40	106	0.27
186.65	117	0.30
187.05	191	0.49
187.65	59	0.15
188.15	130	0.33
188.60	117	0.30
189.20	58	0.15
189.75	142	0.36
190.20	255	0.65
190.75	122	0.31
191.30	215	0.55
191.80	100	0.26
192.45	216	0.55
192.80	143	0.37
193.90	92	0.24
194.45	77	0.20
194.95	139	0.36
195.40	120	0.31
196.10	165	0.42
196.50	44	0.11
197.00	153	0.39
197.55	130	0.33
198.65	62	0.16
199.15	77	0.20
199.75	67	0.17
200.25	168	0.43
200.65	173	0.44
201.20	65	0.17
202.25	53	0.14
203.35	80	0.20
203.80	157	0.40
204.35	98	0.25
204.85	92	0.24
205.40	86	0.22
206.85	3572	9.14
208.05	636	1.63
212.05	11	0.03
213.35	33	0.08
214.20	277	0.71
215.40	127	0.32
215.80	63	0.16
216.45	115	0.29
217.00	180	0.46
217.70	103	0.26
218.65	165	0.42
219.05	116	0.30
219.55	117	0.30
220.35	93	0.24
221.75	115	0.29
223.15	39	0.10
224.35	152	0.39
225.55	45	0.12
226.20	36	0.09
226.80	69	0.18
228.05	579	1.48
229.35	152	0.39
229.85	71	0.18
230.50	106	0.27
231.25	4	0.01
232.20	40	0.10
233.15	3	0.01
234.55	51	0.13
235.15	136	0.35
235.70	38	0.10
236.80	111	0.28
237.15	102	0.26
237.80	24	0.06
238.25	116	0.30
239.35	63	0.16
240.50	120	0.31
240.85	156	0.40
241.85	29	0.07
243.00	1149	2.94
243.70	45	0.12
244.15	126	0.32
244.75	103	0.26
245.15	93	0.24
245.70	94	0.24
246.35	70	0.18
246.75	104	0.27
247.55	6	0.02
248.35	149	0.38
248.80	224	0.57
249.40	110	0.28
249.85	67	0.17
250.65	6	0.02
251.50	65	0.17
252.25	5	0.01
253.10	95	0.24
253.55	91	0.23
254.55	60	0.15
255.45	29	0.07
256.20	88	0.23
257.25	57	0.15
258.05	19	0.05
258.85	939	2.40
261.85	31	0.08
262.85	3	0.01
263.75	38	0.10
264.65	71	0.18
265.15	134	0.34
265.70	87	0.22
266.25	92	0.24
266.75	168	0.43
267.85	178	0.46
268.25	143	0.37
269.40	179	0.46
269.75	193	0.49
270.75	70	0.18
271.65	7	0.02
272.55	123	0.31
273.65	104	0.27
274.15	216	0.55
275.25	108	0.28
275.65	92	0.24
276.65	77	0.20
277.45	3	0.01
278.30	50	0.13
278.85	48	0.12
279.85	71	0.18
281.00	56	0.14
281.45	164	0.42
281.85	79	0.20
282.45	55	0.14
283.25	6	0.02
284.00	61	0.16
284.85	21	0.05
285.65	46	0.12
286.10	81	0.21
287.05	64	0.16
288.05	27	0.07
288.95	10	0.03
289.80	69	0.18
290.25	103	0.26
291.80	87	0.22
293.15	1848	4.73
294.05	77	0.20
294.95	32	0.08
297.95	25	0.06
299.30	43	0.11
299.70	77	0.20
301.25	105	0.27
302.40	76	0.19
302.85	89	0.23
303.45	58	0.15
303.90	155	0.40
304.45	69	0.18
305.60	92	0.24
306.55	63	0.16
307.55	50	0.13
308.45	50	0.13
309.10	2326	5.95
310.25	62	0.16
311.30	91	0.23
314.25	29	0.07
316.70	6386	16.33
317.65	31	0.08
318.65	32	0.08
319.65	42	0.11
320.10	83	0.21
321.15	33	0.08
322.20	130	0.33
323.25	25	0.06
324.05	20	0.05
324.85	147	0.38
325.40	162	0.41
326.35	118	0.30
327.35	58	0.15
328.35	4	0.01
329.35	24	0.06
330.35	8	0.02
331.35	86	0.22
332.35	41	0.10
333.35	55	0.14
334.90	3216	8.23
335.85	48	0.12
336.85	539	1.38
337.75	44	0.11
338.55	131	0.34
338.95	146	0.37
340.10	165	0.42
340.60	58	0.15
341.65	61	0.16
342.45	65	0.17
343.25	154	0.39
344.25	15	0.04
345.05	16	0.04
345.85	64	0.16
346.35	114	0.29
347.35	52	0.13
348.15	8	0.02
349.00	159	0.41
349.50	56	0.14
351.55	44	0.11
352.55	34	0.09
353.55	5	0.01
354.55	20	0.05
356.40	29	0.07
356.80	132	0.34
358.35	131	0.34
359.00	44	0.11
359.40	116	0.30
360.45	8	0.02
361.35	12	0.03
362.20	72	0.18
362.65	60	0.15
363.75	35	0.09
364.20	106	0.27
365.05	1604	4.10
366.35	104	0.27
366.90	99	0.25
367.75	6	0.02
368.60	41	0.10
370.15	87	0.22
371.65	54	0.14
373.65	13	0.03
374.65	40	0.10
375.85	95	0.24
376.25	87	0.22
377.25	18	0.05
378.20	183	0.47
378.90	87	0.22
380.50	84	0.21
381.55	16	0.04
382.55	15	0.04
383.60	74	0.19
384.45	16	0.04
385.25	127	0.32
386.25	25	0.06
387.05	19	0.05
387.85	128	0.33
388.85	96	0.25
389.85	56	0.14
391.75	5	0.01
392.60	87	0.22
393.55	69	0.18
395.55	36	0.09
396.85	29226	74.75
397.65	11541	29.52
398.80	29071	74.36
399.55	12920	33.05
400.25	276	0.71
401.05	2304	5.89
401.95	1328	3.40
402.95	43	0.11
404.10	80	0.20
405.05	14	0.04
406.05	38	0.10
406.95	680	1.74
407.95	24	0.06
408.95	63	0.16
409.95	8	0.02
410.95	77	0.20
411.95	133	0.34
412.95	5	0.01
413.85	12	0.03
414.80	2798	7.16
416.15	111	0.28
416.70	126	0.32
418.25	51	0.13
419.25	32	0.08
420.25	22	0.06
421.25	49	0.13
422.25	22	0.06
423.10	2071	5.30
424.25	2385	6.10
425.25	21	0.05
427.25	30	0.08
428.25	72	0.18
429.25	102	0.26
430.25	55	0.14
431.30	105	0.27
432.15	20	0.05
432.95	77	0.20
433.75	35	0.09
434.55	80	0.20
435.00	65	0.17
435.85	38	0.10
436.65	46	0.12
437.30	3085	7.89
438.25	56	0.14
439.25	231	0.59
440.30	109	0.28
440.80	95	0.24
441.25	1197	3.06
442.25	23	0.06
443.25	52	0.13
444.50	74	0.19
445.55	60	0.15
446.35	30	0.08
447.10	68	0.17
448.15	28	0.07
449.15	7	0.02
449.95	32	0.08
450.80	72	0.18
451.75	22	0.06
452.75	16	0.04
453.75	27	0.07
454.75	19	0.05
455.65	56	0.14
456.60	125	0.32
457.55	4	0.01
458.55	41	0.10
459.55	3	0.01
460.45	30	0.08
461.40	105	0.27
462.15	2	0.01
463.00	123	0.31
463.95	22	0.06
464.95	14	0.04
465.95	43	0.11
466.95	3	0.01
467.95	9	0.02
468.95	42	0.11
470.95	61	0.16
471.90	80	0.20
472.40	141	0.36
473.50	94	0.24
474.45	44	0.11
475.45	21	0.05
476.60	130	0.33
477.65	54	0.14
478.65	21	0.05
479.65	44	0.11
480.65	14	0.04
481.65	35	0.09
482.55	49	0.13
483.55	156	0.40
483.95	135	0.35
485.10	56	0.14
485.55	54	0.14
486.65	197	0.50
488.65	116	0.30
489.80	122	0.31
490.75	80	0.20
491.75	57	0.15
492.75	29	0.07
494.55	133	0.34
496.90	13930	35.63
497.75	2384	6.10
498.85	15420	39.44
499.95	5555	14.21
500.75	61	0.16
501.75	41	0.10
502.75	2	0.01
503.75	6	0.02
504.75	26	0.07
505.85	573	1.47
506.85	20	0.05
507.75	61	0.16
508.70	110	0.28
509.25	107	0.27
509.75	154	0.39
510.75	24	0.06
511.65	20	0.05
512.45	128	0.33
513.45	10	0.03
514.70	154	0.39
515.65	77	0.20
516.65	21	0.05
517.65	29	0.07
518.65	67	0.17
519.45	25	0.06
520.30	115	0.29
521.25	60	0.15
522.25	25	0.06
523.05	39	0.10
523.90	500	1.28
524.85	17	0.04
526.15	121	0.31
527.05	16	0.04
527.85	17	0.04
528.70	140	0.36
529.30	1796	4.59
530.25	75	0.19
531.25	11	0.03
532.25	87	0.22
533.25	68	0.17
534.15	3	0.01
535.00	110	0.28
535.95	94	0.24
536.95	33	0.08
537.95	31	0.08
538.85	42	0.11
539.75	135	0.35
540.95	4409	11.28
542.40	77	0.20
542.80	92	0.24
543.85	61	0.16
544.65	15	0.04
545.50	116	0.30
546.45	7	0.02
547.45	48	0.12
548.45	44	0.11
549.45	12	0.03
550.45	29	0.07
551.45	52	0.13
552.45	14	0.04
553.45	4	0.01
554.45	78	0.20
555.85	84	0.21
556.40	54	0.14
556.95	602	1.54
557.45	71	0.18
558.55	66	0.17
559.00	24	0.06
559.95	2	0.01
561.05	30	0.08
562.15	67	0.17
563.15	73	0.19
564.70	36	0.09
565.15	56	0.14
566.15	49	0.13
567.15	9	0.02
568.35	104	0.27
569.35	62	0.16
572.45	189	0.48
574.35	1	0.00
575.20	84	0.21
575.60	156	0.40
576.55	6	0.02
578.15	72	0.18
578.65	61	0.16
579.65	29	0.07
581.65	21	0.05
582.95	113	0.29
584.55	120	0.31
584.95	70	0.18
585.95	22	0.06
587.05	94	0.24
588.05	14	0.04
589.05	22	0.06
590.05	14	0.04
592.05	14	0.04
593.05	9	0.02
594.05	12	0.03
595.05	59	0.15
596.05	44	0.11
597.05	6	0.02
598.05	49	0.13
599.05	3	0.01
600.05	3	0.01
601.30	798	2.04
601.80	48	0.12
602.30	95	0.24
602.80	52	0.13
604.10	148	0.38
605.00	74	0.19
605.95	7	0.02
606.80	394	1.01
608.85	7	0.02
609.85	3	0.01
611.30	53	0.14
611.75	68	0.17
612.85	75	0.19
613.65	8	0.02
614.50	48	0.12
614.90	44	0.11
617.95	14	0.04
618.95	11	0.03
619.95	13	0.03
620.95	16	0.04
621.95	34	0.09
623.95	41	0.10
625.35	129	0.33
626.45	20	0.05
627.70	107	0.27
628.65	8	0.02
629.65	82	0.21
630.65	69	0.18
631.65	37	0.09
632.65	46	0.12
633.65	3	0.01
634.65	16	0.04
635.65	21	0.05
637.10	132	0.34
638.05	66	0.17
639.05	17	0.04
640.05	76	0.19
641.05	30	0.08
641.95	54	0.14
642.80	76	0.19
643.75	31	0.08
644.75	30	0.08
645.75	24	0.06
646.75	23	0.06
648.10	90	0.23
649.05	68	0.17
650.05	60	0.15
651.80	73	0.19
652.65	5235	13.39
653.65	32	0.08
654.65	9	0.02
655.65	21	0.05
656.65	32	0.08
657.65	47	0.12
658.65	62	0.16
660.20	55	0.14
660.70	61	0.16
661.20	69	0.18
662.25	11	0.03
663.25	25	0.06
664.05	17	0.04
664.90	68	0.17
665.85	29	0.07
666.85	12	0.03
668.05	76	0.19
668.55	83	0.21
670.15	102	0.26
671.20	120	0.31
672.15	7	0.02
673.30	117	0.30
674.25	4	0.01
675.95	121	0.31
677.75	9	0.02
678.60	135	0.35
679.05	112	0.29
680.85	57	0.15
681.65	108	0.28
682.25	115	0.29
683.30	95	0.24
684.05	15	0.04
684.85	141	0.36
685.25	112	0.29
685.90	3348	8.56
686.40	115	0.29
688.30	1562	4.00
689.25	28	0.07
690.10	1620	4.14
691.15	37	0.09
692.15	99	0.25
693.15	30	0.08
694.15	3	0.01
695.15	9	0.02
696.15	12	0.03
697.15	4	0.01
698.55	82	0.21
699.05	82	0.21
700.05	102	0.26
701.05	58	0.15
702.45	3007	7.69
703.45	1	0.00
704.45	61	0.16
705.45	16	0.04
706.45	89	0.23
707.45	44	0.11
708.45	28	0.07
709.45	25	0.06
710.45	54	0.14
711.45	5	0.01
712.45	12	0.03
713.45	34	0.09
714.50	5170	13.22
715.60	1937	4.95
716.55	46	0.12
718.50	49	0.13
719.65	195	0.50
720.65	33	0.08
721.65	6	0.02
722.65	70	0.18
723.45	36	0.09
724.20	554	1.42
725.25	73	0.19
726.45	59	0.15
726.90	122	0.31
727.45	118	0.30
728.45	45	0.12
729.25	8	0.02
730.05	129	0.33
731.05	37	0.09
733.05	13	0.03
735.05	23	0.06
736.05	17	0.04
737.40	96	0.25
738.35	1	0.00
739.35	63	0.16
740.35	58	0.15
741.25	8	0.02
742.10	127	0.32
742.70	58	0.15
743.55	78	0.20
744.35	2534	6.48
745.25	126	0.32
746.05	15	0.04
746.90	76	0.19
747.35	101	0.26
747.85	52	0.13
748.65	21	0.05
749.50	109	0.28
750.45	11	0.03
751.45	56	0.14
752.45	47	0.12
753.45	33	0.08
754.45	5	0.01
755.45	11	0.03
756.85	106	0.27
757.85	26	0.07
758.90	81	0.21
759.50	70	0.18
759.95	114	0.29
760.95	8	0.02
762.95	22	0.06
764.20	27	0.07
764.65	75	0.19
765.75	49	0.13
766.20	69	0.18
768.05	4	0.01
768.95	66	0.17
770.45	100	0.26
772.40	34	0.09
773.45	86	0.22
774.35	11	0.03
775.20	1715	4.39
775.85	933	2.39
776.75	88	0.23
778.20	111	0.28
779.25	15	0.04
780.55	2071	5.30
782.65	97	0.25
783.65	76	0.19
784.15	60	0.15
785.95	13	0.03
786.80	46	0.12
787.25	764	1.95
788.30	1679	4.29
789.25	542	1.39
790.35	1851	4.73
791.35	43	0.11
792.65	82	0.21
793.05	41	0.10
794.05	43	0.11
794.95	18	0.05
795.80	36	0.09
796.30	88	0.23
796.80	86	0.22
797.75	10	0.03
798.70	1302	3.33
799.30	44	0.11
Event	2
