[MS Spectrum]
# of Peaks	683
Raw Spectrum	[9.295],(scan:[3719])
Background	No Background Spectrum
Base Peak	m/z 760.40 (Inten : 31,625)
m/z	Absolute Intensity	Relative Intensity
51.50	38	0.12
54.45	14	0.04
56.45	3	0.01
57.45	10	0.03
59.65	657	2.08
60.65	11	0.03
62.05	131	0.41
62.40	54	0.17
63.35	31	0.10
64.35	13	0.04
65.35	10	0.03
66.65	114	0.36
67.65	15	0.05
68.65	57	0.18
69.65	31	0.10
72.65	4	0.01
73.90	150	0.47
75.55	88	0.28
77.45	6	0.02
78.25	98	0.31
78.80	139	0.44
79.75	30	0.09
80.75	31	0.10
81.75	6	0.02
82.75	30	0.09
85.30	450	1.42
87.60	82	0.26
89.65	13	0.04
90.65	33	0.10
91.65	1	0.00
92.65	15	0.05
93.65	3	0.01
94.65	5	0.02
95.65	6	0.02
96.65	80	0.25
97.10	86	0.27
98.15	24	0.08
99.35	91	0.29
100.15	28	0.09
101.00	402	1.27
102.15	5641	17.84
102.95	1078	3.41
104.05	88	0.28
105.85	102	0.32
108.70	56	0.18
111.65	8	0.03
112.65	10	0.03
113.65	15	0.05
114.65	3	0.01
115.65	12	0.04
116.65	3	0.01
117.65	82	0.26
118.65	28	0.09
119.55	157	0.50
120.10	357	1.13
121.15	2	0.01
122.15	11	0.03
123.15	9	0.03
124.15	3	0.01
125.15	25	0.08
126.15	8	0.03
127.70	94	0.30
128.10	103	0.33
130.05	25	0.08
133.05	10	0.03
134.05	21	0.07
137.05	6	0.02
140.05	12	0.04
142.05	103	0.33
143.05	13951	44.11
144.35	1243	3.93
146.00	176	0.56
146.45	69	0.22
149.45	3	0.01
150.45	11	0.03
153.45	1	0.00
155.45	17	0.05
156.45	29	0.09
158.45	50	0.16
160.45	14	0.04
161.45	15	0.05
162.45	16	0.05
163.45	5	0.02
164.45	9	0.03
165.45	56	0.18
168.45	3	0.01
170.05	87	0.28
173.05	3	0.01
173.85	8	0.03
174.65	47	0.15
177.05	398	1.26
178.05	19	0.06
179.05	12	0.04
181.05	1	0.00
182.05	167	0.53
183.25	155	0.49
184.15	620	1.96
184.65	202	0.64
185.65	11	0.03
186.65	21	0.07
188.65	3	0.01
191.50	89	0.28
192.70	45	0.14
193.85	3654	11.55
195.15	1092	3.45
195.95	14	0.04
196.80	430	1.36
197.75	24	0.08
198.75	3	0.01
199.75	11	0.03
200.75	19	0.06
201.75	31	0.10
202.75	29	0.09
203.75	13	0.04
204.75	54	0.17
205.75	6	0.02
207.75	39	0.12
208.75	21	0.07
209.75	24	0.08
210.75	16	0.05
211.75	12	0.04
212.75	37	0.12
214.00	467	1.48
215.05	36	0.11
216.05	4	0.01
217.05	12	0.04
218.05	2	0.01
220.05	3	0.01
221.05	36	0.11
222.05	22	0.07
223.05	10	0.03
224.10	284	0.90
225.95	24	0.08
226.80	66	0.21
227.25	391	1.24
228.25	27	0.09
229.25	6	0.02
230.25	5	0.02
231.60	109	0.34
235.80	114	0.36
237.75	1	0.00
238.75	1	0.00
240.75	29	0.09
241.70	208	0.66
244.85	49	0.15
245.25	123	0.39
247.25	6	0.02
248.45	103	0.33
249.45	51	0.16
252.45	49	0.15
254.55	197	0.62
255.45	7	0.02
256.30	173	0.55
257.25	45	0.14
258.15	2	0.01
258.95	120	0.38
259.95	18	0.06
260.95	53	0.17
261.95	2	0.01
263.50	39	0.12
264.45	42	0.13
266.20	120	0.38
267.05	6	0.02
267.80	78	0.25
269.00	177	0.56
269.95	4	0.01
270.80	80	0.25
271.60	177	0.56
273.55	91	0.29
275.55	17	0.05
276.55	2	0.01
277.55	10	0.03
278.35	20	0.06
279.20	261	0.83
281.15	7	0.02
284.40	51	0.16
285.80	88	0.28
286.85	28	0.09
287.80	79	0.25
288.25	271	0.86
290.25	14	0.04
295.90	362	1.14
296.70	299	0.95
297.45	9	0.03
298.25	297	0.94
299.15	30	0.09
300.00	838	2.65
302.15	463	1.46
303.15	15	0.05
305.00	33	0.10
306.30	44	0.14
307.75	99	0.31
311.30	262	0.83
313.90	137	0.43
315.85	4	0.01
318.70	62	0.20
319.10	70	0.22
322.15	36	0.11
323.25	38	0.12
324.90	39	0.12
327.85	39	0.12
328.85	6	0.02
330.35	511	1.62
332.35	24	0.08
335.35	21	0.07
336.35	48	0.15
338.35	7	0.02
340.15	721	2.28
341.10	374	1.18
341.85	5	0.02
342.80	308	0.97
343.15	113	0.36
343.80	120	0.38
345.75	70	0.22
346.75	32	0.10
347.75	5	0.02
348.55	87	0.28
349.35	629	1.99
350.35	17	0.05
351.35	51	0.16
352.20	562	1.78
353.20	896	2.83
354.15	11	0.03
355.15	18	0.06
356.15	19	0.06
357.15	24	0.08
358.15	4	0.01
359.15	1	0.00
360.15	31	0.10
362.15	95	0.30
363.15	351	1.11
363.65	116	0.37
364.25	1174	3.71
365.70	1015	3.21
366.85	345	1.09
367.30	292	0.92
368.25	41	0.13
369.15	13	0.04
370.10	208	0.66
371.45	1241	3.92
372.10	647	2.05
373.05	6	0.02
374.05	43	0.14
375.05	29	0.09
376.35	326	1.03
376.70	104	0.33
377.85	225	0.71
379.40	482	1.52
380.15	1991	6.30
381.05	332	1.05
381.45	258	0.82
382.10	95	0.30
383.05	4	0.01
383.85	83	0.26
384.65	1328	4.20
385.05	339	1.07
385.95	40	0.13
387.00	1100	3.48
387.75	135	0.43
388.75	102	0.32
389.75	1	0.00
391.40	115	0.36
392.25	289	0.91
394.05	536	1.69
395.45	212	0.67
396.05	114	0.36
396.70	427	1.35
397.90	9420	29.79
398.75	7286	23.04
399.70	11031	34.88
400.95	699	2.21
401.50	715	2.26
402.25	125	0.40
402.85	51	0.16
404.35	125	0.40
406.75	311	0.98
407.30	227	0.72
408.35	999	3.16
409.05	99	0.31
410.05	83	0.26
412.25	103	0.33
412.70	21	0.07
413.40	475	1.50
414.35	65	0.21
414.80	106	0.34
416.40	109	0.34
417.40	552	1.75
418.30	168	0.53
419.35	32	0.10
420.35	18	0.06
421.35	18	0.06
422.35	9	0.03
423.55	878	2.78
424.20	1164	3.68
425.50	575	1.82
426.75	44	0.14
428.55	57	0.18
429.35	1063	3.36
430.25	1429	4.52
431.05	101	0.32
431.50	150	0.47
432.75	395	1.25
433.30	967	3.06
434.60	131	0.41
435.65	68	0.22
436.65	50	0.16
437.65	47	0.15
439.15	409	1.29
440.10	457	1.45
441.10	1042	3.29
442.05	64	0.20
443.05	105	0.33
444.05	9	0.03
445.05	100	0.32
445.95	40	0.13
446.75	931	2.94
447.75	355	1.12
448.55	61	0.19
449.40	141	0.45
450.35	58	0.18
452.00	511	1.62
452.50	1012	3.20
453.45	248	0.78
454.25	712	2.25
455.70	82	0.26
456.95	776	2.45
457.75	357	1.13
458.75	22	0.07
459.85	104	0.33
461.35	423	1.34
462.35	30	0.09
463.25	4	0.01
464.10	413	1.31
465.15	1225	3.87
466.15	45	0.14
466.95	4	0.01
467.70	547	1.73
468.40	1250	3.95
469.00	960	3.04
470.05	30	0.09
471.00	98	0.31
471.45	50	0.16
471.90	268	0.85
473.20	1960	6.20
474.15	87	0.28
474.60	93	0.29
475.25	323	1.02
476.45	543	1.72
477.45	20	0.06
479.10	283	0.89
480.05	8	0.03
480.90	161	0.51
481.40	1296	4.10
482.25	6	0.02
483.10	584	1.85
483.75	1056	3.34
484.30	833	2.63
485.45	96	0.30
486.15	234	0.74
486.55	220	0.70
489.35	129	0.41
490.50	295	0.93
491.45	23	0.07
492.95	402	1.27
494.20	509	1.61
495.40	1081	3.42
496.15	54	0.17
497.05	867	2.74
498.00	912	2.88
499.05	5	0.02
500.25	828	2.62
500.85	84	0.27
502.15	617	1.95
502.95	358	1.13
504.45	86	0.27
505.40	1368	4.33
506.30	2115	6.69
507.40	1589	5.02
508.35	19	0.06
509.40	180	0.57
510.40	1065	3.37
511.25	72	0.23
512.15	4018	12.71
513.40	1620	5.12
514.90	369	1.17
516.85	7	0.02
517.85	19	0.06
518.85	2	0.01
519.85	27	0.09
521.25	274	0.87
522.25	271	0.86
523.05	5	0.02
523.90	199	0.63
524.35	236	0.75
524.85	177	0.56
525.50	148	0.47
526.55	80	0.25
527.50	309	0.98
528.35	4	0.01
529.10	1114	3.52
529.70	37	0.12
531.00	164	0.52
532.10	3021	9.55
532.60	2263	7.16
533.75	137	0.43
534.75	41	0.13
535.75	33	0.10
536.75	5	0.02
537.75	7	0.02
538.80	255	0.81
540.30	617	1.95
540.70	240	0.76
541.45	5	0.02
542.25	91	0.29
542.75	608	1.92
543.25	69	0.22
545.10	260	0.82
546.45	444	1.40
547.60	1902	6.01
548.15	978	3.09
549.35	4319	13.66
550.05	451	1.43
550.65	878	2.78
551.15	694	2.19
551.85	598	1.89
552.35	84	0.27
552.90	231	0.73
553.30	57	0.18
554.70	585	1.85
556.00	1084	3.43
557.20	2700	8.54
558.15	2	0.01
559.15	66	0.21
560.15	27	0.09
561.15	67	0.21
562.50	300	0.95
562.85	94	0.30
565.30	633	2.00
566.35	8	0.03
567.55	95	0.30
568.55	1	0.00
569.35	33	0.10
570.15	104	0.33
571.15	9	0.03
572.35	60	0.19
573.35	3	0.01
574.15	4	0.01
575.00	81	0.26
575.50	664	2.10
576.25	2632	8.32
577.00	934	2.95
577.85	816	2.58
578.75	25	0.08
579.70	517	1.63
580.80	369	1.17
581.20	148	0.47
581.75	35	0.11
582.40	1137	3.60
583.35	37	0.12
584.20	1109	3.51
588.30	1243	3.93
589.15	507	1.60
589.95	571	1.81
591.05	536	1.69
592.05	1	0.00
593.05	21	0.07
595.05	18	0.06
596.20	1210	3.83
597.60	1866	5.90
598.20	418	1.32
599.10	182	0.58
599.85	907	2.87
600.25	749	2.37
601.10	424	1.34
601.75	350	1.11
602.75	85	0.27
604.90	903	2.86
607.35	603	1.91
608.00	247	0.78
609.20	95	0.30
609.70	188	0.59
610.45	5	0.02
611.25	121	0.38
612.80	141	0.45
613.25	355	1.12
614.05	327	1.03
614.60	251	0.79
615.45	380	1.20
616.45	143	0.45
617.05	152	0.48
618.75	234	0.74
619.65	110	0.35
620.45	16	0.05
621.20	194	0.61
621.75	301	0.95
623.55	8	0.03
624.45	70	0.22
624.70	80	0.25
625.75	27	0.09
626.55	9	0.03
627.40	177	0.56
628.15	915	2.89
629.35	303	0.96
630.30	85	0.27
630.60	76	0.24
631.65	55	0.17
633.45	52	0.16
634.25	545	1.72
635.05	27	0.09
635.80	130	0.41
636.85	74	0.23
637.85	8	0.03
639.85	10	0.03
643.25	198	0.63
644.25	1193	3.77
644.75	68	0.22
645.75	17	0.05
646.75	35	0.11
647.75	16	0.05
648.65	16	0.05
649.35	335	1.06
650.20	1271	4.02
651.15	14	0.04
652.15	20	0.06
653.25	1180	3.73
654.70	884	2.80
656.30	580	1.83
656.80	480	1.52
658.05	131	0.41
658.40	310	0.98
659.55	76	0.24
660.35	5	0.02
661.20	114	0.36
662.30	419	1.32
663.25	759	2.40
663.80	562	1.78
664.80	172	0.54
665.40	86	0.27
666.30	471	1.49
667.40	93	0.29
668.05	109	0.34
668.45	39	0.12
669.45	19	0.06
671.30	307	0.97
672.25	67	0.21
673.25	28	0.09
674.25	28	0.09
675.15	279	0.88
676.15	10	0.03
677.15	13	0.04
678.50	338	1.07
679.15	267	0.84
680.00	45	0.14
682.10	86	0.27
683.15	1	0.00
684.15	37	0.12
686.15	8	0.03
687.15	9	0.03
688.05	196	0.62
688.60	166	0.52
689.00	175	0.55
690.30	5053	15.98
691.35	2037	6.44
691.80	1578	4.99
692.30	1511	4.78
692.80	959	3.03
693.75	296	0.94
694.25	491	1.55
695.20	474	1.50
695.60	182	0.58
696.30	38	0.12
697.15	750	2.37
698.40	51	0.16
700.00	251	0.79
701.05	93	0.29
701.55	534	1.69
703.00	679	2.15
704.20	249	0.79
704.60	83	0.26
705.35	153	0.48
707.35	14	0.04
708.50	637	2.01
709.00	546	1.73
709.50	677	2.14
709.90	380	1.20
710.80	4144	13.10
711.95	6556	20.73
713.25	6907	21.84
714.05	966	3.05
714.90	1408	4.45
716.30	3683	11.65
717.35	3792	11.99
718.45	171	0.54
719.45	478	1.51
720.35	231	0.73
720.85	53	0.17
722.25	1739	5.50
724.35	2601	8.22
725.30	1383	4.37
726.15	2061	6.52
726.90	661	2.09
727.85	1349	4.27
728.60	477	1.51
729.80	372	1.18
730.30	213	0.67
731.25	40	0.13
732.10	1136	3.59
733.05	8	0.03
734.35	7103	22.46
735.40	2328	7.36
736.00	1099	3.48
736.65	245	0.77
737.10	256	0.81
737.90	1233	3.90
738.50	1879	5.94
739.55	788	2.49
740.30	1422	4.50
741.90	125	0.40
742.45	278	0.88
744.05	82	0.26
744.40	258	0.82
744.90	221	0.70
745.75	30	0.09
746.55	861	2.72
747.40	1073	3.39
748.35	28	0.09
749.75	608	1.92
750.75	73	0.23
752.30	772	2.44
752.70	315	1.00
754.05	568	1.80
754.50	129	0.41
754.85	186	0.59
756.20	703	2.22
757.50	2979	9.42
758.40	2207	6.98
759.25	854	2.70
760.40	31625	100.00
761.45	17801	56.29
762.30	3897	12.32
763.70	1455	4.60
764.50	651	2.06
765.55	376	1.19
766.30	657	2.08
767.45	709	2.24
768.20	319	1.01
768.70	761	2.41
769.30	254	0.80
770.35	160	0.51
771.35	13	0.04
772.35	378	1.20
773.35	41	0.13
774.45	195	0.62
775.05	475	1.50
775.85	309	0.98
776.65	4	0.01
777.50	553	1.75
778.50	404	1.28
779.45	28	0.09
780.40	761	2.41
780.95	588	1.86
782.25	1995	6.31
783.20	1974	6.24
783.85	685	2.17
784.60	252	0.80
785.70	1259	3.98
786.50	964	3.05
787.45	2528	7.99
788.40	1380	4.36
789.00	468	1.48
789.65	130	0.41
790.20	333	1.05
792.15	116	0.37
793.05	15	0.05
794.00	427	1.35
794.40	258	0.82
794.95	210	0.66
795.50	520	1.64
796.20	529	1.67
797.35	1125	3.56
798.15	151	0.48
798.70	705	2.23
799.65	114	0.36
Event	1
