[MS Spectrum]
# of Peaks	534
Raw Spectrum	[7.990],(scan:[3197])
Background	No Background Spectrum
Base Peak	m/z 282.05 (Inten : 111,434)
m/z	Absolute Intensity	Relative Intensity
50.85	12	0.01
51.85	60	0.05
52.85	13	0.01
53.85	1	0.00
55.85	2	0.00
56.85	3	0.00
57.85	3	0.00
58.85	8	0.01
59.85	14	0.01
61.85	84	0.08
62.85	36	0.03
64.30	62	0.06
65.35	7	0.01
66.35	26	0.02
67.35	9	0.01
71.35	6	0.01
72.35	14	0.01
73.40	111	0.10
74.35	8	0.01
76.35	40	0.04
77.35	7	0.01
78.35	9	0.01
79.35	12	0.01
80.35	38	0.03
81.35	23	0.02
82.35	14	0.01
84.35	40	0.04
85.35	16	0.01
86.35	4	0.00
88.35	14	0.01
89.35	2	0.00
90.35	32	0.03
91.35	13	0.01
93.35	60	0.05
96.35	9	0.01
97.35	7	0.01
98.35	3	0.00
99.35	25	0.02
100.35	30	0.03
101.35	1	0.00
102.35	12	0.01
103.35	2	0.00
104.35	42	0.04
105.35	1	0.00
106.35	33	0.03
109.35	6	0.01
111.35	16	0.01
112.35	5	0.00
114.35	32	0.03
115.35	53	0.05
117.35	16	0.01
118.35	7	0.01
119.35	35	0.03
121.35	22	0.02
122.35	5	0.00
123.35	4	0.00
124.35	17	0.02
125.35	34	0.03
126.35	35	0.03
127.35	24	0.02
128.35	37	0.03
130.35	26	0.02
131.35	21	0.02
132.35	6	0.01
135.35	25	0.02
136.35	44	0.04
138.35	10	0.01
139.35	26	0.02
141.35	4	0.00
142.35	6	0.01
147.35	1	0.00
148.35	18	0.02
149.35	2	0.00
150.35	10	0.01
153.35	11	0.01
156.35	7	0.01
158.35	5	0.00
159.35	5	0.00
160.35	10	0.01
161.45	87	0.08
162.45	14	0.01
163.70	46	0.04
164.65	21	0.02
166.65	57	0.05
169.65	29	0.03
170.95	46	0.04
172.95	62	0.06
175.95	1	0.00
177.20	39	0.03
178.25	32	0.03
180.25	2	0.00
181.25	51	0.05
183.25	8	0.01
184.25	17	0.02
185.75	96	0.09
186.15	119	0.11
187.15	36	0.03
190.45	22	0.02
192.40	16	0.01
194.45	3	0.00
197.05	103	0.09
197.95	126	0.11
199.95	16	0.01
200.95	40	0.04
202.20	54	0.05
204.15	15	0.01
205.15	4	0.00
212.85	69	0.06
213.10	54	0.05
214.70	107	0.10
215.65	22	0.02
220.65	26	0.02
222.10	49	0.04
222.50	87	0.08
223.60	130	0.12
224.65	29	0.03
225.45	5	0.00
226.25	84	0.08
227.25	24	0.02
228.25	41	0.04
229.25	1	0.00
230.25	8	0.01
231.25	4	0.00
232.25	10	0.01
234.25	70	0.06
235.25	34	0.03
237.25	37	0.03
239.15	30	0.03
240.05	381	0.34
241.95	31	0.03
243.30	162	0.15
244.10	110	0.10
245.70	68	0.06
246.15	149	0.13
246.85	703	0.63
247.85	86	0.08
248.90	95	0.09
249.25	122	0.11
250.35	4	0.00
253.35	26	0.02
254.35	4	0.00
255.35	4	0.00
256.35	9	0.01
257.35	171	0.15
258.35	21	0.02
260.90	108	0.10
261.85	3	0.00
262.85	45	0.04
263.85	9	0.01
264.95	902	0.81
265.65	176	0.16
266.65	25	0.02
267.65	4	0.00
268.65	33	0.03
269.65	2	0.00
273.65	7	0.01
277.65	61	0.05
278.70	333	0.30
280.10	497	0.45
281.05	2100	1.88
282.05	111434	100.00
283.00	23368	20.97
284.15	204	0.18
285.10	227	0.20
286.05	2	0.00
289.05	33	0.03
293.05	8	0.01
294.05	20	0.02
295.50	204	0.18
297.05	330	0.30
299.25	286	0.26
299.65	195	0.17
300.25	253	0.23
300.85	126	0.11
301.30	244	0.22
301.85	72	0.06
302.90	89	0.08
303.85	18	0.02
304.85	8	0.01
305.85	4	0.00
306.85	7	0.01
307.85	22	0.02
309.25	911	0.82
310.40	536	0.48
312.35	20	0.02
313.35	25	0.02
314.35	1	0.00
316.35	23	0.02
317.80	440	0.39
318.85	19	0.02
319.85	24	0.02
320.85	30	0.03
323.05	38370	34.43
324.20	6306	5.66
325.35	35	0.03
326.35	43	0.04
327.60	167	0.15
327.90	171	0.15
329.95	39	0.03
330.95	16	0.01
331.95	2	0.00
332.95	3	0.00
333.95	2	0.00
334.95	32	0.03
336.05	271	0.24
336.95	2101	1.89
337.75	13627	12.23
338.85	4830	4.33
339.50	810	0.73
341.35	12	0.01
342.20	119	0.11
343.25	30	0.03
345.25	109	0.10
346.25	13	0.01
348.25	14	0.01
350.25	9	0.01
351.25	34	0.03
352.15	196	0.18
354.35	164	0.15
354.85	655	0.59
356.85	10	0.01
358.85	11	0.01
359.85	15	0.01
360.85	7	0.01
361.85	2	0.00
363.10	1061	0.95
363.85	338	0.30
364.40	595	0.53
365.30	395	0.35
366.35	9	0.01
367.35	34	0.03
369.35	4	0.00
370.35	66	0.06
371.35	16	0.01
372.35	38	0.03
373.35	21	0.02
375.35	27	0.02
376.35	116	0.10
377.15	3	0.00
377.95	265	0.24
379.50	233	0.21
380.00	923	0.83
380.60	87	0.08
382.55	11	0.01
385.55	13	0.01
386.55	2	0.00
387.45	872	0.78
388.45	33	0.03
389.45	18	0.02
390.45	76	0.07
391.45	31	0.03
393.30	808	0.73
394.20	476	0.43
396.15	24	0.02
397.15	20	0.02
398.15	1	0.00
399.15	14	0.01
400.15	2	0.00
402.15	23	0.02
403.15	15	0.01
404.15	2	0.00
405.15	49	0.04
406.15	24	0.02
407.15	1	0.00
408.15	8	0.01
409.15	13	0.01
410.15	15	0.01
411.10	90	0.08
414.10	723	0.65
415.05	8	0.01
416.05	12	0.01
417.05	9	0.01
419.05	16	0.01
420.05	28	0.03
421.00	301	0.27
421.95	56	0.05
422.95	42	0.04
424.20	134	0.12
426.15	37	0.03
427.15	19	0.02
428.05	22	0.02
428.95	322	0.29
429.30	216	0.19
430.35	22	0.02
431.35	10	0.01
432.35	7	0.01
433.35	6	0.01
435.35	22	0.02
436.35	11	0.01
438.35	2	0.00
439.40	891	0.80
440.45	118	0.11
442.35	11	0.01
443.10	105	0.09
444.15	41	0.04
445.15	33	0.03
446.15	6	0.01
447.15	64	0.06
448.80	134	0.12
449.85	71	0.06
451.75	22	0.02
452.60	35	0.03
453.10	119	0.11
454.05	41	0.04
457.05	7	0.01
459.05	5	0.00
462.05	37	0.03
463.05	8	0.01
464.05	14	0.01
465.05	60	0.05
466.05	18	0.02
466.95	453	0.41
467.80	156	0.14
469.85	4	0.00
470.85	24	0.02
471.85	21	0.02
472.85	67	0.06
474.00	76	0.07
475.05	5	0.00
477.05	41	0.04
478.05	9	0.01
478.95	46	0.04
479.85	378	0.34
483.20	775	0.70
485.70	314	0.28
486.65	26	0.02
488.55	16	0.01
489.30	550	0.49
490.35	8	0.01
492.15	23	0.02
493.00	547	0.49
493.50	79	0.07
494.00	68	0.06
494.95	53	0.05
495.75	2	0.00
496.55	381	0.34
497.55	7	0.01
499.55	10	0.01
500.70	622	0.56
501.45	28	0.03
502.30	256	0.23
503.15	2	0.00
504.05	1303	1.17
504.75	2555	2.29
505.55	891	0.80
506.35	13158	11.81
507.30	7819	7.02
508.50	1115	1.00
509.20	270	0.24
511.15	163	0.15
517.15	2	0.00
519.15	14	0.01
520.75	129	0.12
521.85	139	0.12
522.40	138	0.12
523.35	66	0.06
524.35	21	0.02
525.35	12	0.01
526.35	15	0.01
528.20	41	0.04
529.60	55	0.05
532.65	26	0.02
534.65	3	0.00
536.65	62	0.06
538.80	57	0.05
541.75	63	0.06
543.00	40	0.04
544.65	174	0.16
545.65	8	0.01
547.25	1084	0.97
547.70	1061	0.95
548.60	614	0.55
549.10	548	0.49
550.40	34	0.03
556.35	7	0.01
558.35	2	0.00
562.25	1	0.00
563.10	227	0.20
564.30	436	0.39
565.25	20	0.02
567.25	16	0.01
568.25	34	0.03
569.75	70	0.06
571.60	97	0.09
575.70	230	0.21
576.55	110	0.10
577.40	123	0.11
577.90	337	0.30
578.35	67	0.06
578.90	536	0.48
580.25	130	0.12
580.65	92	0.08
581.65	24	0.02
584.65	5	0.00
586.65	3	0.00
589.55	83	0.07
592.45	43	0.04
593.45	2	0.00
594.45	1	0.00
595.60	106	0.10
598.65	12	0.01
601.35	1933	1.73
602.70	234	0.21
603.20	201	0.18
604.70	88	0.08
607.15	294	0.26
607.60	55	0.05
607.90	35	0.03
609.10	44	0.04
612.40	127	0.11
614.10	186	0.17
615.55	258	0.23
616.85	38	0.03
617.85	85	0.08
618.40	39	0.03
621.45	4	0.00
622.65	42	0.04
623.65	6	0.01
626.65	7	0.01
628.45	70	0.06
630.25	11	0.01
631.00	1492	1.34
632.40	134	0.12
633.35	9	0.01
634.35	25	0.02
636.35	6	0.01
639.40	190	0.17
640.10	587	0.53
641.70	61	0.05
642.15	131	0.12
643.15	39	0.03
645.30	148	0.13
646.45	106	0.10
646.85	29	0.03
647.80	378	0.34
651.10	96	0.09
652.30	53	0.05
654.25	11	0.01
655.25	37	0.03
658.25	12	0.01
660.25	2	0.00
661.15	31	0.03
662.10	128	0.11
663.20	188	0.17
664.05	688	0.62
666.05	24	0.02
667.05	8	0.01
669.05	13	0.01
670.05	12	0.01
671.05	16	0.01
672.05	12	0.01
673.05	24	0.02
677.20	56	0.05
678.65	54	0.05
679.65	11	0.01
680.65	4	0.00
684.65	3	0.00
685.65	77	0.07
688.70	68	0.06
692.10	46	0.04
694.70	44	0.04
697.60	143	0.13
698.75	5	0.00
700.65	350	0.31
701.55	2	0.00
703.15	326	0.29
703.60	62	0.06
704.65	110	0.10
705.30	363	0.33
706.60	47	0.04
708.50	82	0.07
709.45	74	0.07
711.50	166	0.15
712.55	57	0.05
715.55	1	0.00
716.90	353	0.32
719.85	18	0.02
724.50	103	0.09
725.90	195	0.17
726.80	625	0.56
727.75	5	0.00
729.30	87	0.08
730.35	10	0.01
731.35	14	0.01
732.35	12	0.01
733.35	14	0.01
734.35	3	0.00
737.35	1	0.00
739.35	19	0.02
741.55	403	0.36
742.55	16	0.01
744.10	808	0.73
746.15	8	0.01
747.15	30	0.03
748.45	844	0.76
751.40	360	0.32
753.35	4	0.00
754.25	84	0.08
756.65	234	0.21
757.25	189	0.17
758.50	1117	1.00
759.20	637	0.57
761.25	5	0.00
762.25	390	0.35
763.15	4	0.00
764.15	41	0.04
765.15	40	0.04
766.50	601	0.54
767.85	74	0.07
769.90	89	0.08
770.95	28	0.03
772.00	106	0.10
772.45	230	0.21
773.45	7	0.01
775.45	11	0.01
777.45	7	0.01
778.95	105	0.09
780.20	75	0.07
782.25	3	0.00
783.25	28	0.03
784.80	348	0.31
785.65	29	0.03
786.45	1283	1.15
787.35	180	0.16
787.75	87	0.08
788.75	5	0.00
789.75	1	0.00
791.00	149	0.13
792.35	393	0.35
793.65	252	0.23
795.35	841	0.75
797.25	49	0.04
798.45	405	0.36
799.45	5	0.00
Event	1
