[MS Spectrum]
# of Peaks	1930
Raw Spectrum	[6.687],(scan:[2007])
Background	No Background Spectrum
Base Peak	m/z 119.90 (Inten : 316,950)
m/z	Absolute Intensity	Relative Intensity
51.10	209	0.07
52.15	179	0.06
53.30	165	0.05
54.20	168	0.05
55.30	190	0.06
56.35	192	0.06
57.55	205	0.06
58.55	213	0.07
59.60	259	0.08
60.80	241	0.08
61.75	315	0.10
62.75	594	0.19
63.90	297	0.09
64.25	149	0.05
64.95	254	0.08
66.05	149	0.05
67.15	363	0.11
68.10	121	0.04
69.20	274	0.09
70.30	301	0.09
71.35	85	0.03
72.40	494	0.16
73.65	279	0.09
74.55	172	0.05
75.30	9	0.00
76.15	76	0.02
76.70	213	0.07
77.70	342	0.11
79.05	58156	18.35
80.50	3532	1.11
81.10	2785	0.88
82.00	406	0.13
83.35	642	0.20
84.15	153	0.05
85.25	235	0.07
86.50	638	0.20
87.35	359	0.11
88.55	397	0.13
89.50	223	0.07
90.65	288	0.09
91.70	404	0.13
92.75	324	0.10
93.85	457	0.14
94.85	121	0.04
96.10	345	0.11
97.10	609	0.19
98.20	401	0.13
99.20	353	0.11
100.30	360	0.11
101.30	326	0.10
102.35	338	0.11
103.45	296	0.09
104.00	102	0.03
104.60	631	0.20
105.35	1287	0.41
106.70	405	0.13
107.80	188	0.06
108.80	298	0.09
109.95	336	0.11
111.00	212	0.07
112.05	379	0.12
113.10	746	0.24
114.15	469	0.15
115.15	520	0.16
116.25	379	0.12
117.35	246	0.08
118.20	1350	0.43
119.00	16888	5.33
119.90	316950	100.00
120.90	14220	4.49
121.45	18379	5.80
122.90	140	0.04
123.80	378	0.12
124.80	366	0.12
125.90	277	0.09
126.95	286	0.09
128.10	463	0.15
129.30	874	0.28
130.25	460	0.15
131.20	86	0.03
132.30	269	0.08
133.40	292	0.09
134.45	195	0.06
135.50	253	0.08
136.40	236	0.07
137.70	348	0.11
138.75	365	0.12
139.80	313	0.10
141.05	233	0.07
142.00	1344	0.42
143.35	648	0.20
144.10	142	0.04
145.15	244	0.08
145.90	870	0.27
146.50	90	0.03
147.30	517	0.16
148.35	423	0.13
149.50	335	0.11
150.50	336	0.11
151.60	1374	0.43
152.60	114	0.04
153.80	450	0.14
155.15	479	0.15
156.00	18316	5.78
157.00	109358	34.50
158.60	17109	5.40
160.00	460	0.15
160.95	2895	0.91
162.30	459	0.14
163.45	1323	0.42
164.35	300	0.09
164.90	268	0.08
165.45	392	0.12
166.55	347	0.11
167.60	309	0.10
168.70	249	0.08
169.70	239	0.08
170.80	637	0.20
171.90	375	0.12
172.95	445	0.14
174.00	198	0.06
175.10	251	0.08
176.20	324	0.10
177.30	366	0.12
178.25	333	0.11
179.50	595	0.19
180.50	314	0.10
181.55	423	0.13
182.05	507	0.16
182.55	263	0.08
183.65	324	0.10
184.80	233	0.07
185.85	283	0.09
186.80	67	0.02
188.10	103	0.03
189.15	253	0.08
190.10	400	0.13
191.45	1301	0.41
192.05	2576	0.81
192.60	701	0.22
193.10	1593	0.50
193.55	154	0.05
194.40	254	0.08
195.45	918	0.29
196.55	186	0.06
197.70	1047	0.33
198.60	303	0.10
199.75	132	0.04
200.75	282	0.09
201.95	311	0.10
202.95	287	0.09
204.15	76	0.02
205.10	231	0.07
206.15	210	0.07
207.25	162	0.05
208.35	347	0.11
209.40	261	0.08
210.45	115	0.04
211.55	151	0.05
212.50	199	0.06
213.60	419	0.13
214.70	297	0.09
215.75	174	0.05
216.85	670	0.21
217.90	281	0.09
219.05	189	0.06
220.05	211	0.07
221.05	270	0.09
222.25	246	0.08
223.30	452	0.14
224.35	186	0.06
225.40	266	0.08
226.55	394	0.12
227.55	258	0.08
228.00	155	0.05
228.60	360	0.11
229.70	309	0.10
231.00	621	0.20
231.85	373	0.12
232.90	188	0.06
234.00	147	0.05
235.05	338	0.11
235.80	95	0.03
236.65	2187	0.69
237.15	630	0.20
238.50	839	0.26
239.35	262	0.08
240.35	256	0.08
241.50	266	0.08
242.40	189	0.06
243.60	373	0.12
244.70	398	0.13
245.70	303	0.10
246.95	812	0.26
247.85	287	0.09
249.10	93	0.03
250.10	410	0.13
251.10	308	0.10
251.60	148	0.05
252.20	424	0.13
253.20	337	0.11
254.30	303	0.10
255.40	316	0.10
256.55	597	0.19
257.40	234	0.07
258.55	545	0.17
259.60	331	0.10
260.65	248	0.08
261.40	19	0.01
262.25	692	0.22
262.85	224	0.07
263.95	175	0.06
265.00	516	0.16
266.05	435	0.14
267.15	198	0.06
268.20	1302	0.41
269.25	395	0.12
270.40	393	0.12
271.40	386	0.12
272.50	365	0.12
273.55	562	0.18
274.70	416	0.13
275.65	574	0.18
276.80	261	0.08
277.80	281	0.09
278.50	40	0.01
279.20	320	0.10
280.00	364	0.11
281.05	366	0.12
282.20	428	0.14
283.15	242	0.08
284.25	358	0.11
285.35	337	0.11
286.50	1167	0.37
287.50	231	0.07
288.65	1221	0.39
289.60	259	0.08
290.55	1547	0.49
291.00	773	0.24
291.75	407	0.13
292.80	492	0.16
293.90	192	0.06
294.95	355	0.11
296.00	305	0.10
297.20	277	0.09
298.15	471	0.15
299.30	310	0.10
300.35	485	0.15
301.40	470	0.15
302.40	358	0.11
303.55	272	0.09
304.35	676	0.21
305.60	211	0.07
306.65	371	0.12
307.75	330	0.10
308.80	162	0.05
309.85	162	0.05
310.95	191	0.06
312.10	181	0.06
313.20	308	0.10
314.20	184	0.06
315.25	383	0.12
316.35	313	0.10
317.40	179	0.06
318.75	2734	0.86
319.20	1294	0.41
319.55	713	0.22
320.60	374	0.12
321.70	243	0.08
322.75	267	0.08
323.95	764	0.24
324.95	451	0.14
325.90	316	0.10
327.05	402	0.13
328.05	474	0.15
329.15	174	0.05
330.25	276	0.09
331.25	293	0.09
332.40	304	0.10
333.40	311	0.10
334.55	375	0.12
335.45	388	0.12
336.60	344	0.11
337.65	1045	0.33
338.65	70	0.02
339.70	214	0.07
340.85	211	0.07
342.00	470	0.15
343.00	1086	0.34
344.55	352	0.11
345.10	372	0.12
346.30	453	0.14
347.40	261	0.08
348.30	279	0.09
349.40	550	0.17
350.45	250	0.08
351.55	260	0.08
352.65	375	0.12
353.55	1501	0.47
354.85	502	0.16
355.70	488	0.15
357.00	771	0.24
357.85	669	0.21
359.10	372	0.12
359.95	1838	0.58
361.20	524	0.17
362.30	432	0.14
363.30	424	0.13
364.40	330	0.10
365.35	720	0.23
366.10	45	0.01
366.90	552	0.17
367.65	463	0.15
368.60	99	0.03
369.75	194	0.06
370.85	789	0.25
371.90	418	0.13
372.95	300	0.09
374.00	190	0.06
375.10	294	0.09
376.25	1008	0.32
377.20	419	0.13
378.30	387	0.12
379.35	399	0.13
380.40	339	0.11
381.45	405	0.13
382.55	346	0.11
383.55	379	0.12
384.90	1230	0.39
385.75	302	0.10
386.85	295	0.09
387.85	178	0.06
389.15	63	0.02
390.05	212	0.07
391.05	288	0.09
392.20	411	0.13
393.60	1501	0.47
394.35	466	0.15
395.35	337	0.11
396.40	476	0.15
397.60	784	0.25
398.65	1061	0.33
399.80	1527	0.48
400.65	449	0.14
401.75	207	0.07
402.70	745	0.24
403.80	374	0.12
405.00	398	0.13
406.05	355	0.11
407.15	313	0.10
408.20	248	0.08
409.25	315	0.10
410.30	535	0.17
411.45	368	0.12
412.40	292	0.09
413.45	218	0.07
414.65	244	0.08
415.65	374	0.12
416.65	179	0.06
417.60	1691	0.53
418.85	388	0.12
420.00	55	0.02
420.95	388	0.12
422.05	179	0.06
423.20	189	0.06
424.30	1287	0.41
425.20	211	0.07
426.30	431	0.14
427.45	270	0.09
428.45	199	0.06
429.60	1297	0.41
430.65	221	0.07
431.70	224	0.07
432.70	550	0.17
433.75	472	0.15
434.95	200	0.06
436.10	196	0.06
436.90	186	0.06
437.80	2930	0.92
439.15	309	0.10
440.30	271	0.09
441.40	281	0.09
442.45	434	0.14
443.45	304	0.10
444.55	360	0.11
445.75	867	0.27
446.85	796	0.25
447.75	321	0.10
448.70	236	0.07
449.50	380	0.12
450.00	286	0.09
451.00	302	0.10
452.00	331	0.10
453.20	180	0.06
454.15	274	0.09
454.95	1505	0.47
455.35	703	0.22
456.30	249	0.08
457.70	1201	0.38
458.50	290	0.09
459.55	309	0.10
460.60	315	0.10
461.85	334	0.11
462.85	253	0.08
463.80	224	0.07
464.95	150	0.05
466.05	294	0.09
467.15	289	0.09
468.20	221	0.07
469.20	340	0.11
470.30	414	0.13
471.50	328	0.10
472.35	406	0.13
473.50	378	0.12
474.60	404	0.13
475.60	386	0.12
476.75	481	0.15
477.75	221	0.07
478.80	222	0.07
479.95	284	0.09
480.95	502	0.16
482.05	351	0.11
483.15	367	0.12
484.20	449	0.14
485.30	380	0.12
486.40	384	0.12
487.50	306	0.10
488.50	229	0.07
489.60	222	0.07
490.20	668	0.21
490.75	394	0.12
491.65	140	0.04
492.20	837	0.26
492.95	284	0.09
493.85	527	0.17
495.05	207	0.07
496.00	485	0.15
497.00	514	0.16
498.10	232	0.07
499.20	401	0.13
500.40	317	0.10
501.40	161	0.05
502.40	209	0.07
503.50	420	0.13
504.50	362	0.11
505.65	186	0.06
506.70	269	0.08
507.85	300	0.09
508.85	441	0.14
510.00	104	0.03
511.50	1211	0.38
512.10	292	0.09
513.15	125	0.04
514.25	611	0.19
515.30	127	0.04
516.05	1123	0.35
517.30	1711	0.54
518.45	460	0.15
519.55	447	0.14
520.65	423	0.13
521.70	300	0.09
522.85	291	0.09
523.80	326	0.10
524.80	45	0.01
526.00	216	0.07
527.00	469	0.15
528.10	135	0.04
529.10	466	0.15
530.20	320	0.10
531.30	346	0.11
532.35	379	0.12
533.45	297	0.09
534.40	165	0.05
535.45	1003	0.32
536.75	70	0.02
537.80	225	0.07
538.85	291	0.09
539.95	290	0.09
541.15	119	0.04
542.05	322	0.10
543.15	246	0.08
544.10	313	0.10
545.25	240	0.08
546.35	187	0.06
547.40	306	0.10
548.40	78	0.02
549.55	439	0.14
550.80	692	0.22
551.60	304	0.10
552.90	1228	0.39
553.80	329	0.10
555.00	253	0.08
555.95	389	0.12
557.10	356	0.11
558.10	384	0.12
559.15	655	0.21
560.25	334	0.11
560.70	811	0.26
561.35	662	0.21
562.30	203	0.06
563.40	258	0.08
564.55	1696	0.54
565.60	320	0.10
566.70	192	0.06
567.80	426	0.13
568.80	515	0.16
569.90	272	0.09
571.00	576	0.18
571.95	548	0.17
573.35	1090	0.34
574.15	381	0.12
575.25	497	0.16
576.25	390	0.12
577.40	271	0.09
578.40	405	0.13
579.45	402	0.13
580.60	457	0.14
581.60	240	0.08
582.70	245	0.08
583.75	481	0.15
584.85	362	0.11
585.90	502	0.16
587.00	308	0.10
587.85	939	0.30
589.15	341	0.11
590.20	228	0.07
591.20	295	0.09
592.25	367	0.12
593.40	426	0.13
594.50	269	0.08
595.55	310	0.10
596.55	297	0.09
597.65	370	0.12
598.75	594	0.19
599.80	139	0.04
600.95	496	0.16
601.95	529	0.17
603.05	293	0.09
604.10	1147	0.36
605.15	457	0.14
606.20	356	0.11
607.35	435	0.14
608.45	445	0.14
609.45	270	0.09
610.50	479	0.15
611.55	143	0.05
612.95	494	0.16
613.65	267	0.08
614.85	197	0.06
615.85	422	0.13
616.85	305	0.10
618.05	412	0.13
619.05	336	0.11
620.50	706	0.22
621.10	673	0.21
622.25	596	0.19
623.30	427	0.13
624.45	326	0.10
625.45	204	0.06
626.50	290	0.09
626.85	173	0.05
627.55	1801	0.57
628.70	290	0.09
629.80	372	0.12
630.80	355	0.11
631.90	529	0.17
633.00	355	0.11
634.00	380	0.12
635.15	308	0.10
636.20	341	0.11
637.15	243	0.08
638.35	368	0.12
639.40	316	0.10
640.45	456	0.14
641.45	334	0.11
642.60	263	0.08
643.65	414	0.13
644.70	322	0.10
645.85	391	0.12
646.85	420	0.13
647.95	354	0.11
649.05	246	0.08
650.15	452	0.14
651.20	255	0.08
652.20	322	0.10
653.30	321	0.10
654.35	294	0.09
655.45	415	0.13
656.45	193	0.06
657.40	1094	0.35
658.65	362	0.11
659.70	145	0.05
660.75	308	0.10
661.85	302	0.10
663.00	237	0.07
663.95	378	0.12
665.40	901	0.28
666.15	248	0.08
667.20	406	0.13
668.30	336	0.11
669.30	191	0.06
670.40	316	0.10
671.45	229	0.07
672.55	487	0.15
673.65	353	0.11
674.70	87	0.03
675.75	231	0.07
676.80	276	0.09
677.75	85	0.03
678.05	72	0.02
679.15	1297	0.41
680.00	1114	0.35
681.15	442	0.14
682.15	373	0.12
683.25	409	0.13
684.50	404	0.13
685.60	1050	0.33
686.45	304	0.10
687.60	443	0.14
688.70	330	0.10
689.70	131	0.04
690.75	643	0.20
691.70	573	0.18
692.90	291	0.09
694.00	269	0.08
695.05	280	0.09
696.25	234	0.07
697.20	350	0.11
698.25	288	0.09
699.30	192	0.06
699.95	626	0.20
700.40	270	0.09
701.45	244	0.08
702.50	213	0.07
703.60	332	0.10
704.60	400	0.13
705.65	318	0.10
706.80	257	0.08
707.80	288	0.09
708.95	191	0.06
710.00	439	0.14
711.10	315	0.10
712.10	213	0.07
713.20	324	0.10
714.30	129	0.04
715.30	344	0.11
716.35	194	0.06
717.45	228	0.07
718.50	824	0.26
719.40	1025	0.32
720.80	357	0.11
721.75	215	0.07
722.95	487	0.15
724.00	184	0.06
725.00	289	0.09
726.10	216	0.07
727.10	276	0.09
728.15	278	0.09
729.25	223	0.07
730.35	593	0.19
731.40	378	0.12
732.45	453	0.14
733.55	325	0.10
734.60	216	0.07
735.70	130	0.04
736.80	519	0.16
737.80	240	0.08
739.00	130	0.04
740.00	270	0.09
741.05	234	0.07
742.10	271	0.09
743.20	336	0.11
744.20	209	0.07
745.30	200	0.06
746.40	333	0.11
747.40	287	0.09
748.50	163	0.05
749.55	181	0.06
750.80	120	0.04
751.80	391	0.12
752.40	872	0.28
753.15	272	0.09
753.90	225	0.07
755.00	257	0.08
756.10	321	0.10
757.15	608	0.19
758.05	3804	1.20
759.30	220	0.07
760.20	473	0.15
761.30	676	0.21
762.45	523	0.17
763.55	288	0.09
764.55	358	0.11
765.70	194	0.06
766.85	763	0.24
767.80	452	0.14
769.00	216	0.07
769.95	205	0.06
771.10	290	0.09
771.95	939	0.30
773.20	286	0.09
774.25	238	0.08
775.30	256	0.08
776.40	182	0.06
777.40	534	0.17
778.50	445	0.14
779.55	277	0.09
780.55	1018	0.32
781.65	241	0.08
782.60	657	0.21
783.90	236	0.07
784.95	229	0.07
786.05	167	0.05
787.10	204	0.06
788.30	762	0.24
789.30	7	0.00
790.25	194	0.06
791.35	240	0.08
792.45	310	0.10
793.55	218	0.07
794.50	222	0.07
795.65	119	0.04
796.80	298	0.09
797.75	168	0.05
798.90	245	0.08
799.85	233	0.07
801.05	164	0.05
802.05	471	0.15
803.15	280	0.09
804.25	181	0.06
805.15	154	0.05
806.30	755	0.24
807.45	1332	0.42
807.95	315	0.10
808.40	259	0.08
809.30	1084	0.34
810.65	272	0.09
811.65	1249	0.39
812.50	116	0.04
813.80	54	0.02
814.85	183	0.06
815.35	47	0.01
816.00	83	0.03
816.95	168	0.05
818.25	309	0.10
819.15	112	0.04
820.20	232	0.07
821.30	189	0.06
822.35	122	0.04
823.45	240	0.08
824.45	267	0.08
825.65	132	0.04
826.60	249	0.08
827.65	63	0.02
828.85	320	0.10
829.90	97	0.03
831.05	127	0.04
832.10	126	0.04
833.10	313	0.10
833.45	227	0.07
834.20	336	0.11
835.25	197	0.06
836.25	284	0.09
837.35	181	0.06
838.40	323	0.10
839.45	206	0.06
840.60	110	0.03
841.70	332	0.10
842.60	103	0.03
843.80	2509	0.79
844.95	267	0.08
846.05	49	0.02
847.10	221	0.07
848.05	64	0.02
848.65	150	0.05
849.15	395	0.12
850.60	63	0.02
851.35	174	0.05
852.25	96	0.03
853.45	339	0.11
854.50	176	0.06
855.90	818	0.26
856.70	284	0.09
857.60	130	0.04
858.85	282	0.09
859.80	156	0.05
860.30	43	0.01
861.10	74	0.02
862.10	94	0.03
863.05	108	0.03
864.15	163	0.05
865.20	187	0.06
866.35	139	0.04
867.25	183	0.06
868.50	186	0.06
869.50	209	0.07
870.50	58	0.02
871.65	179	0.06
872.70	115	0.04
873.05	66	0.02
873.80	173	0.05
874.80	292	0.09
876.15	92	0.03
877.00	323	0.10
877.50	30	0.01
878.15	175	0.06
879.20	220	0.07
880.20	133	0.04
881.25	252	0.08
882.30	158	0.05
883.40	189	0.06
884.40	195	0.06
885.65	423	0.13
886.60	98	0.03
887.60	1	0.00
888.75	195	0.06
889.75	223	0.07
891.05	233	0.07
892.05	142	0.04
893.10	175	0.06
894.15	397	0.13
895.40	313	0.10
896.30	102	0.03
897.40	160	0.05
898.60	214	0.07
899.50	389	0.12
900.50	97	0.03
901.65	344	0.11
902.80	35	0.01
903.15	98	0.03
903.85	120	0.04
904.25	36	0.01
904.80	107	0.03
905.80	4	0.00
907.05	115	0.04
908.00	2	0.00
909.00	57	0.02
910.15	119	0.04
911.40	300	0.09
912.30	104	0.03
913.40	215	0.07
914.40	120	0.04
915.50	114	0.04
916.80	667	0.21
917.80	5	0.00
918.80	115	0.04
919.80	267	0.08
921.05	237	0.07
921.45	86	0.03
922.50	37	0.01
924.70	126	0.04
925.20	255	0.08
925.60	143	0.05
926.35	105	0.03
927.25	332	0.10
928.45	117	0.04
929.45	289	0.09
930.15	90	0.03
930.55	200	0.06
931.60	208	0.07
932.40	8	0.00
933.25	115	0.04
933.75	68	0.02
934.70	250	0.08
935.45	113	0.04
936.05	119	0.04
936.45	44	0.01
937.00	185	0.06
937.65	131	0.04
938.00	100	0.03
939.00	176	0.06
940.00	9	0.00
941.25	169	0.05
942.20	39	0.01
943.60	166	0.05
944.60	37	0.01
945.60	68	0.02
946.60	110	0.03
948.30	105	0.03
948.70	120	0.04
949.80	108	0.03
951.50	117	0.04
952.00	122	0.04
952.55	173	0.05
953.05	176	0.06
954.15	234	0.07
955.15	148	0.05
956.25	47	0.01
957.25	110	0.03
957.90	1316	0.42
958.40	278	0.09
958.85	52	0.02
959.70	12	0.00
960.50	179	0.06
961.05	101	0.03
961.60	140	0.04
962.60	91	0.03
963.15	65	0.02
963.75	227	0.07
964.35	175	0.06
964.70	83	0.03
965.50	80	0.03
967.00	124	0.04
968.00	65	0.02
969.15	90	0.03
969.60	18	0.01
970.10	116	0.04
971.25	97	0.03
972.20	701	0.22
972.85	154	0.05
973.60	302	0.10
974.35	79	0.02
975.45	117	0.04
976.50	1836	0.58
977.50	19	0.01
978.40	8	0.00
979.25	71	0.02
979.70	209	0.07
980.35	1450	0.46
981.35	22	0.01
981.90	167	0.05
983.10	174	0.05
984.00	52	0.02
985.00	9	0.00
986.20	67	0.02
987.30	123	0.04
988.35	235	0.07
989.40	175	0.06
990.60	120	0.04
991.05	239	0.08
991.60	216	0.07
992.10	54	0.02
993.05	748	0.24
994.25	172	0.05
994.65	293	0.09
995.35	31	0.01
996.20	249	0.08
998.20	2	0.00
999.20	14	0.00
1000.75	44	0.01
1001.20	134	0.04
1002.20	64	0.02
1003.30	141	0.04
1003.80	73	0.02
1004.35	206	0.06
1005.30	136	0.04
1006.05	117	0.04
1006.55	90	0.03
1007.30	5	0.00
1008.15	126	0.04
1009.15	131	0.04
1010.25	62	0.02
1011.45	171	0.05
1011.85	95	0.03
1014.10	142	0.04
1015.10	152	0.05
1016.20	158	0.05
1017.20	48	0.02
1018.65	94	0.03
1019.60	3	0.00
1020.50	103	0.03
1021.65	70	0.02
1024.15	97	0.03
1025.05	700	0.22
1026.15	112	0.04
1027.10	5	0.00
1028.00	48	0.02
1029.00	103	0.03
1030.15	179	0.06
1031.10	37	0.01
1032.30	268	0.08
1033.55	254	0.08
1034.40	92	0.03
1035.40	22	0.01
1036.60	230	0.07
1038.15	120	0.04
1038.75	77	0.02
1040.60	201	0.06
1042.00	350	0.11
1043.00	243	0.08
1044.00	28	0.01
1045.20	168	0.05
1046.10	217	0.07
1047.15	487	0.15
1048.45	1242	0.39
1049.30	143	0.05
1050.45	168	0.05
1051.40	37	0.01
1053.25	163	0.05
1053.60	228	0.07
1054.95	93	0.03
1055.55	155	0.05
1056.95	72	0.02
1057.90	191	0.06
1059.00	121	0.04
1060.05	103	0.03
1060.50	206	0.06
1061.10	77	0.02
1062.25	203	0.06
1063.25	184	0.06
1063.65	45	0.01
1064.35	84	0.03
1065.40	228	0.07
1066.60	218	0.07
1067.50	35	0.01
1068.40	1365	0.43
1070.25	63	0.02
1071.05	57	0.02
1072.00	22	0.01
1072.85	168	0.05
1073.95	75	0.02
1074.90	59	0.02
1076.20	68	0.02
1077.25	257	0.08
1078.25	246	0.08
1079.30	150	0.05
1080.35	184	0.06
1081.40	274	0.09
1082.30	135	0.04
1083.20	7	0.00
1084.20	145	0.05
1084.65	208	0.07
1085.15	44	0.01
1085.70	725	0.23
1086.85	420	0.13
1088.25	204	0.06
1089.20	80	0.03
1090.10	322	0.10
1091.10	114	0.04
1092.20	210	0.07
1093.15	108	0.03
1093.65	89	0.03
1094.30	138	0.04
1095.25	238	0.08
1096.40	162	0.05
1097.40	61	0.02
1098.40	55	0.02
1099.65	153	0.05
1100.65	221	0.07
1101.75	87	0.03
1102.75	174	0.05
1103.70	3	0.00
1105.10	195	0.06
1106.10	301	0.09
1107.35	516	0.16
1108.15	187	0.06
1109.25	211	0.07
1110.30	265	0.08
1111.50	278	0.09
1112.45	213	0.07
1113.50	189	0.06
1114.10	41	0.01
1114.60	461	0.15
1115.60	33	0.01
1116.70	156	0.05
1117.75	206	0.06
1118.95	229	0.07
1119.95	208	0.07
1121.00	67	0.02
1122.15	163	0.05
1123.10	152	0.05
1124.30	321	0.10
1125.40	353	0.11
1126.40	134	0.04
1127.40	179	0.06
1128.50	127	0.04
1129.60	347	0.11
1130.40	431	0.14
1131.75	178	0.06
1132.90	208	0.07
1133.25	79	0.02
1133.90	95	0.03
1135.05	380	0.12
1136.10	196	0.06
1137.00	34	0.01
1138.15	142	0.04
1138.60	87	0.03
1139.25	167	0.05
1140.25	233	0.07
1141.45	256	0.08
1142.45	393	0.12
1144.70	326	0.10
1145.70	93	0.03
1146.80	246	0.08
1147.75	328	0.10
1149.90	181	0.06
1151.10	147	0.05
1152.15	191	0.06
1153.10	139	0.04
1154.30	108	0.03
1155.20	200	0.06
1156.45	287	0.09
1157.30	86	0.03
1158.45	223	0.07
1159.65	386	0.12
1160.65	81	0.03
1161.70	254	0.08
1162.75	172	0.05
1163.70	16	0.01
1165.00	248	0.08
1166.35	370	0.12
1167.20	317	0.10
1168.25	135	0.04
1168.55	73	0.02
1169.25	167	0.05
1169.55	99	0.03
1170.30	221	0.07
1171.45	280	0.09
1172.30	63	0.02
1173.70	279	0.09
1174.60	225	0.07
1175.60	178	0.06
1176.70	211	0.07
1177.05	67	0.02
1177.80	288	0.09
1178.95	184	0.06
1179.95	187	0.06
1180.90	2	0.00
1182.15	210	0.07
1183.10	117	0.04
1183.50	18	0.01
1184.25	163	0.05
1185.25	190	0.06
1186.65	158	0.05
1187.45	228	0.07
1188.70	186	0.06
1189.75	286	0.09
1190.60	79	0.02
1191.65	186	0.06
1192.05	48	0.02
1192.70	219	0.07
1194.90	170	0.05
1196.10	184	0.06
1197.20	270	0.09
1198.45	289	0.09
1199.60	1464	0.46
1200.35	275	0.09
1201.50	421	0.13
1202.55	157	0.05
1203.50	122	0.04
1204.55	149	0.05
1205.55	243	0.08
1207.00	152	0.05
1207.75	269	0.08
1209.05	173	0.05
1209.95	257	0.08
1211.30	650	0.21
1212.15	285	0.09
1213.20	790	0.25
1214.25	470	0.15
1215.25	244	0.08
1216.25	151	0.05
1217.40	141	0.04
1218.45	198	0.06
1219.60	308	0.10
1220.55	142	0.04
1221.75	276	0.09
1222.60	305	0.10
1223.05	64	0.02
1223.80	78	0.02
1224.10	153	0.05
1224.95	2918	0.92
1225.90	21	0.01
1227.15	193	0.06
1228.05	35	0.01
1228.45	46	0.01
1229.30	234	0.07
1230.35	211	0.07
1231.30	260	0.08
1231.65	106	0.03
1232.45	233	0.07
1233.65	447	0.14
1234.55	309	0.10
1235.45	99	0.03
1236.80	319	0.10
1237.65	278	0.09
1238.75	84	0.03
1239.10	152	0.05
1239.85	309	0.10
1241.00	268	0.08
1242.15	173	0.05
1243.05	234	0.07
1244.30	125	0.04
1245.30	367	0.12
1246.30	102	0.03
1246.60	224	0.07
1247.30	98	0.03
1249.60	418	0.13
1250.55	149	0.05
1251.65	287	0.09
1252.75	188	0.06
1254.10	298	0.09
1255.10	325	0.10
1255.85	291	0.09
1257.05	202	0.06
1258.25	276	0.09
1259.25	394	0.12
1260.20	156	0.05
1260.55	97	0.03
1261.40	230	0.07
1262.40	153	0.05
1263.55	275	0.09
1264.60	231	0.07
1265.55	225	0.07
1266.65	84	0.03
1267.75	190	0.06
1268.70	45	0.01
1269.95	369	0.12
1271.20	216	0.07
1272.20	210	0.07
1273.20	45	0.01
1274.30	247	0.08
1275.40	212	0.07
1276.50	167	0.05
1277.45	281	0.09
1278.45	304	0.10
1279.60	425	0.13
1280.60	112	0.04
1281.70	379	0.12
1282.80	238	0.08
1284.05	258	0.08
1284.95	595	0.19
1286.05	244	0.08
1287.05	202	0.06
1288.20	1010	0.32
1289.20	392	0.12
1290.25	238	0.08
1291.30	362	0.11
1292.45	383	0.12
1293.55	264	0.08
1294.60	431	0.14
1295.55	136	0.04
1296.75	279	0.09
1297.80	178	0.06
1299.00	107	0.03
1299.95	312	0.10
1300.90	105	0.03
1302.15	323	0.10
1303.10	285	0.09
1304.30	615	0.19
1305.25	207	0.07
1306.35	70	0.02
1307.40	172	0.05
1308.50	371	0.12
1309.50	180	0.06
1310.55	276	0.09
1311.75	215	0.07
1312.75	256	0.08
1313.70	2	0.00
1314.95	247	0.08
1316.00	249	0.08
1317.10	120	0.04
1318.10	224	0.07
1319.15	189	0.06
1320.20	143	0.05
1321.30	186	0.06
1322.40	139	0.04
1323.45	229	0.07
1324.45	180	0.06
1325.55	83	0.03
1326.30	78	0.02
1326.65	181	0.06
1327.70	257	0.08
1328.55	390	0.12
1329.60	6	0.00
1330.90	117	0.04
1332.05	198	0.06
1332.95	261	0.08
1334.00	70	0.02
1335.25	168	0.05
1336.25	193	0.06
1337.25	203	0.06
1338.40	75	0.02
1339.40	71	0.02
1340.50	100	0.03
1341.20	141	0.04
1341.65	222	0.07
1342.70	191	0.06
1344.05	140	0.04
1344.85	274	0.09
1345.80	163	0.05
1346.70	30	0.01
1348.05	166	0.05
1349.10	90	0.03
1350.20	167	0.05
1351.20	242	0.08
1352.45	215	0.07
1353.45	168	0.05
1354.50	283	0.09
1355.60	129	0.04
1356.65	113	0.04
1357.65	177	0.06
1359.90	294	0.09
1361.00	309	0.10
1362.10	119	0.04
1363.15	196	0.06
1364.20	117	0.04
1365.20	146	0.05
1366.25	378	0.12
1367.35	225	0.07
1368.45	342	0.11
1369.50	244	0.08
1370.60	220	0.07
1371.05	408	0.13
1371.70	272	0.09
1372.65	160	0.05
1373.65	2023	0.64
1374.60	4	0.00
1375.90	111	0.04
1377.05	221	0.07
1378.00	50	0.02
1379.10	267	0.08
1380.15	129	0.04
1381.15	291	0.09
1382.35	275	0.09
1383.50	97	0.03
1384.45	487	0.15
1385.50	202	0.06
1386.65	144	0.05
1387.75	166	0.05
1388.75	85	0.03
1389.85	219	0.07
1390.90	214	0.07
1392.10	144	0.05
1393.00	221	0.07
1394.10	302	0.10
1395.20	201	0.06
1396.25	308	0.10
1397.60	1585	0.50
1398.35	320	0.10
1399.10	540	0.17
1399.60	187	0.06
1400.60	22	0.01
1401.55	261	0.08
1402.65	187	0.06
1403.75	160	0.05
1404.75	153	0.05
1405.85	249	0.08
1406.85	1388	0.44
1408.05	338	0.11
1408.70	42	0.01
1409.10	96	0.03
1410.15	281	0.09
1411.20	257	0.08
1412.35	233	0.07
1413.25	193	0.06
1414.40	265	0.08
1415.55	284	0.09
1416.50	59	0.02
1417.60	168	0.05
1418.55	64	0.02
1419.70	266	0.08
1420.80	220	0.07
1422.30	2283	0.72
1423.05	306	0.10
1424.00	96	0.03
1425.20	172	0.05
1426.15	252	0.08
1427.20	28	0.01
1428.25	215	0.07
1429.40	254	0.08
1430.40	88	0.03
1431.40	27	0.01
1432.60	124	0.04
1433.60	57	0.02
1434.80	73	0.02
1435.95	784	0.25
1436.60	3816	1.20
1438.00	79	0.02
1439.00	43	0.01
1440.00	25	0.01
1441.10	357	0.11
1441.60	740	0.23
1442.35	185	0.06
1443.45	224	0.07
1444.60	134	0.04
1445.40	73	0.02
1446.50	84	0.03
1447.50	70	0.02
1448.50	124	0.04
1449.25	73	0.02
1449.65	116	0.04
1450.20	147	0.05
1451.45	77	0.02
1451.95	69	0.02
1453.05	135	0.04
1453.60	196	0.06
1454.35	68	0.02
1455.40	6	0.00
1456.75	80	0.03
1457.25	158	0.05
1458.30	109	0.03
1459.05	553	0.17
1460.00	41	0.01
1461.10	100	0.03
1462.60	751	0.24
1463.20	102	0.03
1463.70	101	0.03
1464.10	73	0.02
1464.80	144	0.05
1465.85	509	0.16
1466.45	82	0.03
1467.50	117	0.04
1468.00	93	0.03
1468.55	62	0.02
1468.95	155	0.05
1470.15	92	0.03
1470.70	50	0.02
1471.70	32	0.01
1472.50	14	0.00
1473.35	79	0.02
1473.70	92	0.03
1475.70	2	0.00
1477.80	162	0.05
1478.65	407	0.13
1479.75	109	0.03
1480.75	186	0.06
1482.80	69	0.02
1483.65	242	0.08
1486.05	146	0.05
1486.75	127	0.04
1488.15	315	0.10
1489.00	246	0.08
1490.20	288	0.09
1491.20	204	0.06
1492.20	284	0.09
1493.30	254	0.08
1494.25	97	0.03
1494.70	92	0.03
1495.20	117	0.04
1495.65	113	0.04
1496.35	111	0.04
1497.30	31	0.01
1498.55	139	0.04
1499.60	102	0.03
1500.85	356	0.11
1501.85	329	0.10
1502.75	89	0.03
1503.15	143	0.05
1505.35	62	0.02
1506.25	130	0.04
1507.20	32	0.01
1508.20	81	0.03
1509.10	59	0.02
1510.35	324	0.10
1511.35	228	0.07
1512.50	464	0.15
1513.45	204	0.06
1514.50	145	0.05
1515.65	248	0.08
1515.95	137	0.04
1516.65	191	0.06
1517.50	825	0.26
1518.75	81	0.03
1519.20	185	0.06
1519.85	146	0.05
1521.05	186	0.06
1522.00	212	0.07
1523.25	407	0.13
1524.30	343	0.11
1525.15	306	0.10
1526.25	94	0.03
1527.60	44	0.01
1528.45	244	0.08
1529.45	151	0.05
1530.45	100	0.03
1531.65	102	0.03
1532.65	169	0.05
1533.00	170	0.05
1533.75	101	0.03
1534.70	92	0.03
1536.05	160	0.05
1537.00	141	0.04
1538.05	334	0.11
1540.15	257	0.08
1540.45	158	0.05
1541.30	1	0.00
1542.40	138	0.04
1543.40	376	0.12
1544.35	113	0.04
1545.45	1718	0.54
1546.50	225	0.07
1547.50	101	0.03
1548.50	32	0.01
1549.80	87	0.03
1551.15	662	0.21
1551.80	40	0.01
1552.70	22	0.01
1554.00	45	0.01
1555.20	168	0.05
1556.20	107	0.03
1557.30	284	0.09
1558.25	192	0.06
1559.40	271	0.09
1560.95	739	0.23
1561.45	273	0.09
1562.50	101	0.03
1563.65	270	0.09
1564.70	43	0.01
1565.20	45	0.01
1565.60	44	0.01
1566.25	51	0.02
1566.85	280	0.09
1567.80	139	0.04
1568.80	13	0.00
1570.05	148	0.05
1571.05	489	0.15
1572.40	247	0.08
1573.40	206	0.06
1574.50	108	0.03
1575.45	251	0.08
1576.65	49	0.02
1577.45	144	0.05
1578.65	152	0.05
1579.70	281	0.09
1581.90	158	0.05
1583.10	150	0.05
1584.50	1232	0.39
1585.05	576	0.18
1586.15	158	0.05
1587.15	141	0.04
1587.60	45	0.01
1588.40	4	0.00
1589.25	147	0.05
1590.20	23	0.01
1591.45	310	0.10
1592.40	61	0.02
1593.40	51	0.02
1594.70	355	0.11
1595.60	90	0.03
1596.75	254	0.08
1597.85	314	0.10
1599.15	76	0.02
1600.15	250	0.08
1601.10	111	0.04
1602.15	198	0.06
1603.20	213	0.07
1603.60	166	0.05
1604.30	218	0.07
1605.30	376	0.12
1606.45	208	0.07
1607.50	240	0.08
1608.70	346	0.11
1609.65	339	0.11
1610.60	199	0.06
1612.05	40	0.01
1612.65	998	0.31
1614.10	64	0.02
1614.95	43	0.01
1616.20	180	0.06
1617.20	190	0.06
1618.20	182	0.06
1619.30	219	0.07
1620.35	285	0.09
1621.45	178	0.06
1622.45	876	0.28
1623.55	149	0.05
1624.60	255	0.08
1625.60	49	0.02
1626.80	72	0.02
1627.75	233	0.07
1629.00	147	0.05
1629.95	97	0.03
1630.60	1025	0.32
1632.15	241	0.08
1633.35	954	0.30
1634.25	172	0.05
1635.30	206	0.06
1636.55	287	0.09
1637.45	168	0.05
1638.55	227	0.07
1639.60	261	0.08
1640.45	4308	1.36
1641.15	167	0.05
1641.70	216	0.07
1642.70	180	0.06
1643.70	37	0.01
1645.10	315	0.10
1646.10	72	0.02
1646.45	50	0.02
1647.05	586	0.18
1648.05	217	0.07
1649.25	181	0.06
1650.25	150	0.05
1651.30	282	0.09
1652.40	318	0.10
1653.50	156	0.05
1654.60	178	0.06
1655.50	75	0.02
1656.80	236	0.07
1657.70	210	0.07
1659.15	232	0.07
1660.25	1022	0.32
1661.05	170	0.05
1662.15	239	0.08
1663.20	60	0.02
1664.30	171	0.05
1665.20	80	0.03
1666.35	282	0.09
1667.30	302	0.10
1668.45	156	0.05
1669.55	363	0.11
1670.65	49	0.02
1672.70	102	0.03
1673.55	215	0.07
1675.10	262	0.08
1676.25	31	0.01
1677.20	77	0.02
1678.20	101	0.03
1679.20	14	0.00
1680.15	228	0.07
1681.10	143	0.05
1682.10	6	0.00
1683.65	97	0.03
1684.40	77	0.02
1685.40	50	0.02
1686.65	131	0.04
1687.10	24	0.01
1687.65	62	0.02
1689.20	95	0.03
1689.65	332	0.10
1690.70	154	0.05
1692.20	136	0.04
1692.80	165	0.05
1693.50	60	0.02
1694.30	215	0.07
1695.50	70	0.02
1696.15	1224	0.39
1697.25	151	0.05
1698.20	87	0.03
1699.40	209	0.07
1700.40	81	0.03
1701.55	96	0.03
1702.50	91	0.03
1703.65	41	0.01
1704.05	75	0.02
1704.75	73	0.02
1705.05	66	0.02
1706.35	54	0.02
1707.20	6	0.00
1708.00	69	0.02
1708.90	62	0.02
1709.30	82	0.03
1710.30	25	0.01
1712.25	136	0.04
1714.25	615	0.19
1715.40	164	0.05
1716.55	85	0.03
1717.65	231	0.07
1718.70	53	0.02
1719.15	54	0.02
1720.10	1	0.00
1722.05	594	0.19
1723.55	48	0.02
1723.95	83	0.03
1725.15	181	0.06
1726.15	94	0.03
1726.55	193	0.06
1727.40	71	0.02
1728.15	213	0.07
1729.40	145	0.05
1730.40	205	0.06
1731.35	265	0.08
1731.75	110	0.03
1732.60	53	0.02
1733.55	225	0.07
1734.70	127	0.04
1735.20	92	0.03
1735.65	123	0.04
1736.70	14	0.00
1737.85	144	0.05
1738.25	40	0.01
1738.70	27	0.01
1740.20	69	0.02
1741.15	199	0.06
1742.20	227	0.07
1743.25	109	0.03
1744.40	213	0.07
1745.30	158	0.05
1746.55	285	0.09
1747.60	115	0.04
1748.00	92	0.03
1748.55	82	0.03
1749.70	182	0.06
1750.80	181	0.06
1752.15	66	0.02
1752.95	269	0.08
1753.85	52	0.02
1755.10	339	0.11
1756.10	10	0.00
1757.15	136	0.04
1758.20	148	0.05
1759.35	352	0.11
1760.45	131	0.04
1761.40	72	0.02
1762.60	250	0.08
1763.70	333	0.11
1764.65	201	0.06
1765.60	18	0.01
1766.95	64	0.02
1767.95	199	0.06
1769.05	377	0.12
1770.00	129	0.04
1771.10	306	0.10
1772.25	163	0.05
1773.25	425	0.13
1774.45	143	0.05
1775.45	207	0.07
1776.50	117	0.04
1777.65	423	0.13
1778.60	69	0.02
1779.65	65	0.02
1780.10	52	0.02
1780.70	167	0.05
1782.15	107	0.03
1782.90	99	0.03
1784.10	109	0.03
1785.15	122	0.04
1786.10	182	0.06
1787.15	136	0.04
1788.60	82	0.03
1789.45	99	0.03
1790.50	261	0.08
1791.70	205	0.06
1792.95	160	0.05
1793.70	239	0.08
1795.05	44	0.01
1795.95	209	0.07
1797.00	105	0.03
1798.00	217	0.07
1799.30	73	0.02
1800.10	164	0.05
1800.45	59	0.02
1801.15	656	0.21
1802.35	150	0.05
1803.45	226	0.07
1804.50	131	0.04
1805.50	274	0.09
1806.70	100	0.03
1807.70	147	0.05
1808.60	54	0.02
1809.75	125	0.04
1810.80	174	0.05
1812.95	78	0.02
1813.95	177	0.06
1815.10	303	0.10
1816.15	123	0.04
1817.25	217	0.07
1818.35	417	0.13
1819.30	113	0.04
1820.30	57	0.02
1821.45	124	0.04
1821.85	89	0.03
1822.55	186	0.06
1823.50	100	0.03
1824.70	137	0.04
1825.65	268	0.08
1826.60	6	0.00
1827.85	146	0.05
1828.15	119	0.04
1829.05	210	0.07
1830.10	192	0.06
1831.10	100	0.03
1831.45	54	0.02
1832.25	139	0.04
1833.20	178	0.06
1834.35	186	0.06
1835.50	257	0.08
1836.55	27	0.01
1837.60	297	0.09
1838.55	152	0.05
1839.50	76	0.02
1840.70	165	0.05
1841.70	62	0.02
1842.95	359	0.11
1844.20	55	0.02
1845.10	357	0.11
1846.15	236	0.07
1847.25	325	0.10
1848.25	315	0.10
1849.25	158	0.05
1849.65	210	0.07
1850.40	185	0.06
1851.50	330	0.10
1852.50	249	0.08
1853.45	1621	0.51
1854.60	145	0.05
1855.65	173	0.05
1856.75	269	0.08
1858.05	219	0.07
1858.90	73	0.02
1860.15	98	0.03
1861.00	114	0.04
1862.10	91	0.03
1863.20	119	0.04
1864.35	229	0.07
1865.30	1197	0.38
1866.45	418	0.13
1867.50	306	0.10
1868.40	243	0.08
1869.65	26	0.01
1870.60	154	0.05
1872.10	52	0.02
1872.80	102	0.03
1873.85	196	0.06
1875.10	68	0.02
1876.00	160	0.05
1877.15	461	0.15
1878.05	331	0.10
1879.30	253	0.08
1880.30	372	0.12
1881.30	132	0.04
1882.50	223	0.07
1883.40	113	0.04
1884.55	112	0.04
1885.65	227	0.07
1887.70	78	0.02
1888.85	106	0.03
1890.15	173	0.05
1891.00	246	0.08
1892.10	183	0.06
1893.15	311	0.10
1894.40	3878	1.22
1895.25	149	0.05
1896.15	68	0.02
1897.50	175	0.06
1898.40	223	0.07
1899.45	236	0.07
1900.60	380	0.12
1901.50	1	0.00
1902.75	294	0.09
1903.70	127	0.04
1904.70	1	0.00
1906.15	318	0.10
1907.25	118	0.04
1908.30	51	0.02
1909.15	81	0.03
1910.35	197	0.06
1911.10	147	0.05
1911.95	563	0.18
1912.70	739	0.23
1913.40	90	0.03
1914.25	27	0.01
1915.55	101	0.03
1917.80	184	0.06
1918.70	15	0.00
1919.70	35	0.01
1920.95	240	0.08
1921.80	84	0.03
1923.10	189	0.06
1924.20	177	0.06
1924.55	68	0.02
1925.20	194	0.06
1926.20	199	0.06
1927.50	321	0.10
1928.30	372	0.12
1929.30	8	0.00
1930.50	186	0.06
1932.50	9	0.00
1933.65	141	0.04
1935.15	111	0.04
1935.90	750	0.24
1936.45	2303	0.73
1937.55	1043	0.33
1938.05	120	0.04
1939.10	120	0.04
1939.60	109	0.03
1940.35	279	0.09
1941.30	12	0.00
1942.15	125	0.04
1942.45	87	0.03
1943.30	156	0.05
1944.50	1173	0.37
1945.10	67	0.02
1945.75	48	0.02
1946.40	37	0.01
1947.60	160	0.05
1948.65	350	0.11
1949.60	8	0.00
1950.65	99	0.03
1951.00	104	0.03
1952.30	108	0.03
1953.15	169	0.05
1954.00	53	0.02
1955.00	35	0.01
1956.00	48	0.02
1958.20	137	0.04
1959.25	277	0.09
1960.20	316	0.10
1961.10	18	0.01
1962.30	136	0.04
1962.65	56	0.02
1963.50	185	0.06
1964.45	69	0.02
1965.55	183	0.06
1966.65	56	0.02
1967.60	15	0.00
1968.75	146	0.05
1969.75	91	0.03
1971.05	304	0.10
1972.00	153	0.05
1972.65	369	0.12
1973.20	73	0.02
1974.20	97	0.03
1975.00	1033	0.33
1975.60	107	0.03
1976.25	177	0.06
1977.30	177	0.06
1978.45	171	0.05
1979.40	190	0.06
1980.30	54	0.02
1980.60	63	0.02
1981.55	167	0.05
1982.50	87	0.03
1983.25	138	0.04
1983.80	175	0.06
1984.80	64	0.02
1985.80	1	0.00
1986.95	96	0.03
1987.55	89	0.03
1989.40	9	0.00
1990.20	136	0.04
1990.65	54	0.02
1993.45	194	0.06
1994.45	113	0.04
1995.50	30	0.01
1996.50	143	0.05
1997.55	127	0.04
1998.70	74	0.02
1999.75	131	0.04
Event	1
