[MS Spectrum]
# of Peaks	1891
Raw Spectrum	[7.253],(scan:[2177])
Background	No Background Spectrum
Base Peak	m/z 156.85 (Inten : 55,842)
m/z	Absolute Intensity	Relative Intensity
50.85	367	0.66
51.95	199	0.36
53.00	346	0.62
54.15	344	0.62
55.30	401	0.72
56.30	210	0.38
57.35	244	0.44
58.45	348	0.62
59.60	869	1.56
60.50	204	0.37
61.70	238	0.43
62.75	466	0.83
63.85	365	0.65
64.95	220	0.39
66.00	355	0.64
67.05	232	0.42
68.15	527	0.94
69.25	305	0.55
70.30	172	0.31
71.35	312	0.56
72.45	476	0.85
73.50	307	0.55
74.60	347	0.62
75.65	306	0.55
76.75	435	0.78
77.70	286	0.51
79.15	13142	23.53
80.10	369	0.66
81.10	976	1.75
82.20	292	0.52
83.10	826	1.48
84.25	202	0.36
85.35	438	0.78
86.50	378	0.68
87.50	348	0.62
88.60	390	0.70
89.65	403	0.72
90.70	260	0.47
91.75	284	0.51
92.95	447	0.80
93.95	441	0.79
95.05	483	0.86
96.15	269	0.48
97.20	187	0.33
98.25	439	0.79
99.30	429	0.77
100.30	272	0.49
100.65	210	0.38
101.45	381	0.68
102.50	346	0.62
103.60	353	0.63
104.70	283	0.51
105.70	293	0.52
106.85	426	0.76
107.90	218	0.39
109.00	280	0.50
110.05	433	0.78
111.15	551	0.99
112.30	362	0.65
113.35	613	1.10
114.35	416	0.74
115.35	426	0.76
116.60	997	1.79
117.05	1030	1.84
117.60	328	0.59
118.50	294	0.53
119.85	53246	95.35
121.40	4102	7.35
122.15	2493	4.46
122.80	830	1.49
123.55	747	1.34
124.30	28	0.05
125.15	387	0.69
126.20	579	1.04
127.20	437	0.78
128.40	398	0.71
129.40	211	0.38
130.45	248	0.44
131.50	341	0.61
132.55	177	0.32
133.70	321	0.57
134.75	244	0.44
135.80	327	0.59
136.90	385	0.69
138.00	237	0.42
139.00	105	0.19
140.10	269	0.48
141.20	305	0.55
142.25	222	0.40
143.45	479	0.86
144.40	262	0.47
145.55	176	0.32
146.60	360	0.64
147.70	369	0.66
148.80	364	0.65
149.85	183	0.33
150.90	297	0.53
151.95	316	0.57
153.05	86	0.15
154.10	238	0.43
155.10	478	0.86
156.10	7130	12.77
156.85	55842	100.00
158.00	2052	3.67
158.80	5772	10.34
159.70	308	0.55
160.65	296	0.53
161.60	362	0.65
162.70	320	0.57
163.85	212	0.38
164.90	241	0.43
165.95	211	0.38
167.00	405	0.73
168.10	326	0.58
169.15	286	0.51
170.30	183	0.33
171.35	595	1.07
172.35	98	0.18
173.20	193	0.35
173.85	2380	4.26
174.55	494	0.88
175.65	239	0.43
176.75	244	0.44
177.75	227	0.41
178.80	335	0.60
180.00	331	0.59
181.10	295	0.53
182.15	428	0.77
183.20	189	0.34
184.25	385	0.69
185.35	924	1.65
186.45	335	0.60
187.65	136	0.24
188.60	308	0.55
189.65	372	0.67
190.70	248	0.44
191.80	218	0.39
192.85	228	0.41
193.95	321	0.57
195.10	392	0.70
196.15	304	0.54
197.30	965	1.73
198.15	563	1.01
199.40	392	0.70
200.40	434	0.78
201.50	377	0.68
202.60	632	1.13
203.65	318	0.57
204.70	389	0.70
205.85	297	0.53
206.80	374	0.67
207.95	711	1.27
209.05	321	0.57
210.10	170	0.30
211.20	208	0.37
212.35	327	0.59
213.35	514	0.92
214.45	144	0.26
215.50	591	1.06
216.55	294	0.53
217.80	80	0.14
218.75	394	0.71
219.85	321	0.57
220.90	302	0.54
222.05	321	0.57
223.10	317	0.57
224.15	187	0.33
225.15	256	0.46
226.40	304	0.54
227.40	376	0.67
228.40	203	0.36
229.55	244	0.44
230.55	397	0.71
231.65	338	0.61
232.80	314	0.56
233.80	374	0.67
234.95	137	0.25
235.95	219	0.39
236.95	177	0.32
238.15	411	0.74
239.20	595	1.07
240.25	257	0.46
241.30	332	0.59
242.40	439	0.79
243.50	359	0.64
244.55	363	0.65
245.60	299	0.54
246.70	297	0.53
247.80	366	0.66
248.90	271	0.49
249.95	279	0.50
251.00	397	0.71
252.10	190	0.34
253.25	259	0.46
254.30	252	0.45
255.35	401	0.72
256.40	341	0.61
257.50	399	0.71
258.50	376	0.67
259.70	340	0.61
260.75	2078	3.72
261.95	1847	3.31
262.85	269	0.48
263.90	198	0.35
264.85	749	1.34
266.15	271	0.49
267.25	326	0.58
268.25	132	0.24
269.40	307	0.55
270.50	1087	1.95
271.50	269	0.48
272.25	1076	1.93
273.55	423	0.76
274.75	401	0.72
275.80	499	0.89
276.80	148	0.27
277.95	570	1.02
279.15	207	0.37
280.05	142	0.25
281.15	403	0.72
282.35	332	0.59
283.40	268	0.48
284.05	1714	3.07
285.50	305	0.55
286.55	197	0.35
287.65	193	0.35
288.75	81	0.15
289.80	545	0.98
290.75	235	0.42
291.85	497	0.89
293.15	175	0.31
294.15	120	0.21
295.05	439	0.79
296.40	269	0.48
297.45	114	0.20
297.95	650	1.16
298.50	141	0.25
299.45	479	0.86
300.60	249	0.45
301.70	223	0.40
302.65	214	0.38
303.85	123	0.22
305.00	203	0.36
305.95	1235	2.21
307.05	122	0.22
308.20	227	0.41
309.30	254	0.45
310.35	241	0.43
311.45	200	0.36
312.45	131	0.23
313.65	440	0.79
314.65	392	0.70
315.65	266	0.48
316.90	626	1.12
317.90	3495	6.26
318.65	27601	49.43
319.80	878	1.57
321.10	370	0.66
322.35	286	0.51
323.25	291	0.52
324.30	351	0.63
325.40	252	0.45
326.55	268	0.48
327.55	167	0.30
328.70	309	0.55
329.45	2448	4.38
330.30	413	0.74
330.70	259	0.46
332.05	371	0.66
333.00	273	0.49
334.05	474	0.85
335.20	620	1.11
336.25	382	0.68
337.20	83	0.15
338.30	276	0.49
339.45	233	0.42
340.40	716	1.28
340.90	205	0.37
341.55	149	0.27
342.65	144	0.26
344.05	2108	3.77
344.75	149	0.27
345.15	57	0.10
347.00	160	0.29
348.05	283	0.51
349.00	559	1.00
350.25	194	0.35
351.20	40	0.07
352.40	253	0.45
353.45	162	0.29
354.45	239	0.43
355.55	236	0.42
356.65	347	0.62
357.65	318	0.57
358.65	190	0.34
359.65	4113	7.37
360.75	1247	2.23
362.10	256	0.46
363.10	138	0.25
364.55	170	0.30
365.35	368	0.66
366.35	318	0.57
367.40	109	0.20
368.45	252	0.45
369.65	544	0.97
370.95	1947	3.49
371.85	681	1.22
372.75	130	0.23
373.90	449	0.80
375.05	554	0.99
375.95	202	0.36
376.40	68	0.12
377.05	100	0.18
378.10	170	0.30
379.25	264	0.47
380.35	434	0.78
381.30	82	0.15
382.40	298	0.53
383.85	1578	2.83
384.55	300	0.54
385.70	85	0.15
386.70	91	0.16
387.70	113	0.20
389.10	580	1.04
389.85	364	0.65
391.10	165	0.30
391.75	1531	2.74
393.20	310	0.56
394.45	396	0.71
395.45	281	0.50
396.50	294	0.53
397.50	294	0.53
398.60	215	0.39
399.70	210	0.38
401.00	404	0.72
401.95	381	0.68
402.90	176	0.32
403.95	148	0.27
404.35	38	0.07
405.20	313	0.56
406.20	221	0.40
407.65	722	1.29
408.25	277	0.50
409.40	169	0.30
410.60	341	0.61
411.60	320	0.57
412.55	245	0.44
413.75	348	0.62
414.80	432	0.77
415.25	87	0.16
417.05	211	0.38
417.95	131	0.23
419.30	286	0.51
420.25	100	0.18
421.40	87	0.16
422.35	88	0.16
423.35	258	0.46
424.65	1143	2.05
425.80	117	0.21
426.60	169	0.30
427.80	280	0.50
428.75	178	0.32
429.70	96	0.17
430.70	53	0.09
432.20	262	0.47
433.20	85	0.15
434.30	313	0.56
435.25	281	0.50
436.40	393	0.70
437.45	433	0.78
438.45	245	0.44
439.60	207	0.37
440.55	267	0.48
441.70	223	0.40
442.75	382	0.68
443.90	326	0.58
444.90	305	0.55
446.10	218	0.39
447.15	363	0.65
448.15	189	0.34
449.25	364	0.65
450.35	380	0.68
451.40	157	0.28
452.55	77	0.14
453.45	599	1.07
454.60	382	0.68
455.55	327	0.59
456.70	175	0.31
457.85	125	0.22
459.05	610	1.09
460.10	28	0.05
461.00	172	0.31
462.20	145	0.26
463.35	266	0.48
464.25	163	0.29
464.60	153	0.27
465.35	383	0.69
466.45	223	0.40
467.45	329	0.59
468.60	146	0.26
468.95	74	0.13
469.60	184	0.33
470.70	157	0.28
471.75	225	0.40
472.90	85	0.15
473.50	778	1.39
473.95	226	0.40
474.95	223	0.40
476.10	301	0.54
477.25	402	0.72
478.40	198	0.35
479.30	269	0.48
480.40	251	0.45
481.45	161	0.29
481.80	185	0.33
482.50	299	0.54
483.00	49	0.09
483.60	254	0.45
484.75	333	0.60
485.80	405	0.73
486.80	162	0.29
488.00	292	0.52
489.10	198	0.35
490.10	112	0.20
490.45	58	0.10
491.15	92	0.16
492.25	230	0.41
493.30	196	0.35
494.35	212	0.38
495.40	86	0.15
496.60	248	0.44
497.70	373	0.67
498.65	166	0.30
499.70	103	0.18
500.75	218	0.39
501.95	279	0.50
503.05	157	0.28
503.80	583	1.04
505.05	888	1.59
506.25	8582	15.37
507.35	2022	3.62
508.35	1723	3.09
509.50	351	0.63
510.50	221	0.40
511.65	234	0.42
512.70	228	0.41
513.75	81	0.15
514.90	277	0.50
516.10	368	0.66
517.00	91	0.16
518.15	138	0.25
519.15	175	0.31
519.55	40	0.07
520.35	311	0.56
521.25	158	0.28
522.40	186	0.33
523.85	259	0.46
524.50	328	0.59
525.65	258	0.46
526.60	31	0.06
527.80	326	0.58
528.80	146	0.26
529.95	412	0.74
531.00	208	0.37
532.00	155	0.28
533.20	96	0.17
534.00	344	0.62
535.30	79	0.14
536.45	693	1.24
537.55	149	0.27
538.65	184	0.33
539.60	217	0.39
540.70	155	0.28
541.70	119	0.21
543.25	103	0.18
543.95	1433	2.57
545.00	1117	2.00
546.05	249	0.45
547.15	758	1.36
548.30	546	0.98
549.35	328	0.59
550.45	104	0.19
551.55	257	0.46
552.50	117	0.21
553.55	164	0.29
554.60	104	0.19
555.65	93	0.17
556.90	227	0.41
557.90	151	0.27
559.00	322	0.58
560.05	91	0.16
560.45	50	0.09
561.15	213	0.38
561.60	739	1.32
562.25	434	0.78
563.35	315	0.56
564.50	333	0.60
565.45	173	0.31
566.50	181	0.32
567.50	154	0.28
568.80	372	0.67
569.85	305	0.55
570.75	215	0.39
571.85	211	0.38
573.05	1528	2.74
574.00	1	0.00
575.05	118	0.21
575.95	536	0.96
577.30	171	0.31
578.45	264	0.47
579.85	710	1.27
580.80	137	0.25
581.65	601	1.08
582.70	206	0.37
583.85	297	0.53
584.95	431	0.77
585.90	119	0.21
586.20	167	0.30
587.20	40	0.07
588.20	239	0.43
589.20	697	1.25
590.40	332	0.59
591.40	251	0.45
592.65	377	0.68
593.55	369	0.66
594.65	279	0.50
595.70	133	0.24
596.75	216	0.39
597.85	177	0.32
599.05	409	0.73
600.10	287	0.51
601.15	102	0.18
602.35	472	0.85
603.25	152	0.27
604.45	403	0.72
605.45	958	1.72
606.50	211	0.38
607.60	417	0.75
608.65	439	0.79
609.70	300	0.54
610.85	378	0.68
611.90	293	0.52
613.05	457	0.82
614.15	165	0.30
615.15	248	0.44
616.25	198	0.35
617.30	521	0.93
618.30	457	0.82
619.50	192	0.34
620.55	290	0.52
621.55	281	0.50
622.65	327	0.59
623.65	1063	1.90
624.80	246	0.44
625.90	197	0.35
627.00	423	0.76
628.05	505	0.90
629.15	430	0.77
630.20	205	0.37
631.25	133	0.24
632.40	345	0.62
633.40	298	0.53
634.50	282	0.50
635.60	627	1.12
636.60	223	0.40
637.70	263	0.47
638.75	308	0.55
639.55	1595	2.86
640.90	217	0.39
642.05	419	0.75
643.05	307	0.55
644.25	319	0.57
645.30	415	0.74
646.35	366	0.66
647.40	492	0.88
648.50	498	0.89
649.50	151	0.27
650.55	681	1.22
651.45	707	1.27
652.80	163	0.29
653.80	339	0.61
654.95	196	0.35
656.05	314	0.56
657.10	213	0.38
658.20	327	0.59
659.15	144	0.26
660.25	339	0.61
661.30	425	0.76
662.50	506	0.91
663.45	1889	3.38
664.35	453	0.81
664.65	361	0.65
665.60	310	0.56
666.80	221	0.40
667.80	358	0.64
668.95	528	0.95
669.85	127	0.23
671.00	250	0.45
672.10	258	0.46
673.20	111	0.20
674.25	321	0.57
675.35	429	0.77
676.50	393	0.70
677.40	366	0.66
678.55	87	0.16
679.60	492	0.88
680.75	582	1.04
681.75	738	1.32
682.95	902	1.62
683.75	68	0.12
684.05	58	0.10
685.05	294	0.53
686.15	199	0.36
687.20	228	0.41
688.15	175	0.31
689.30	413	0.74
690.40	360	0.64
691.50	160	0.29
692.55	305	0.55
693.65	365	0.65
694.60	1455	2.61
695.80	519	0.93
696.90	269	0.48
697.95	404	0.72
699.05	408	0.73
700.10	96	0.17
701.20	341	0.61
702.25	237	0.42
703.40	326	0.58
704.50	229	0.41
705.55	229	0.41
706.60	279	0.50
707.60	233	0.42
708.50	731	1.31
709.80	262	0.47
711.00	244	0.44
711.90	294	0.53
713.10	314	0.56
714.15	402	0.72
715.20	142	0.25
716.30	511	0.92
717.40	254	0.45
718.50	306	0.55
719.50	256	0.46
720.60	200	0.36
721.65	379	0.68
722.50	2550	4.57
723.80	177	0.32
724.90	485	0.87
726.15	449	0.80
727.00	260	0.47
728.10	240	0.43
729.20	240	0.43
730.30	258	0.46
731.40	350	0.63
732.45	302	0.54
733.50	310	0.56
734.55	420	0.75
735.65	204	0.37
736.80	365	0.65
737.75	275	0.49
738.90	216	0.39
740.05	286	0.51
740.70	453	0.81
741.85	109	0.20
742.30	361	0.65
743.25	382	0.68
744.30	193	0.35
745.35	168	0.30
746.40	118	0.21
747.40	187	0.33
748.60	117	0.21
749.70	270	0.48
750.65	153	0.27
751.80	224	0.40
752.85	105	0.19
753.80	100	0.18
754.50	11	0.02
755.30	2309	4.13
756.15	320	0.57
757.10	209	0.37
758.05	1945	3.48
759.10	789	1.41
760.45	425	0.76
761.55	213	0.38
762.45	162	0.29
763.70	239	0.43
764.70	191	0.34
765.75	142	0.25
766.85	122	0.22
767.60	153	0.27
768.00	96	0.17
769.00	215	0.39
770.20	202	0.36
771.35	853	1.53
772.40	2496	4.47
773.30	1122	2.01
774.10	505	0.90
774.55	146	0.26
775.50	92	0.16
776.40	42	0.08
777.35	144	0.26
778.75	164	0.29
779.75	99	0.18
780.50	1	0.00
782.10	145	0.26
783.10	318	0.57
784.45	215	0.39
785.20	62	0.11
786.35	135	0.24
787.40	243	0.44
788.55	145	0.26
789.45	233	0.42
790.50	82	0.15
791.60	186	0.33
792.60	76	0.14
794.15	481	0.86
794.90	50	0.09
795.90	29	0.05
797.10	171	0.31
797.65	98	0.18
798.15	241	0.43
800.25	275	0.49
801.35	316	0.57
802.45	220	0.39
803.15	137	0.25
803.50	180	0.32
804.60	258	0.46
805.70	211	0.38
806.45	277	0.50
807.55	87	0.16
807.90	97	0.17
809.00	183	0.33
810.05	304	0.54
810.85	86	0.15
811.50	10	0.02
812.25	248	0.44
812.90	65	0.12
813.25	26	0.05
814.45	88	0.16
815.45	1691	3.03
816.40	208	0.37
817.60	183	0.33
818.60	23	0.04
819.60	237	0.42
820.60	200	0.36
821.75	200	0.36
823.00	147	0.26
824.15	339	0.61
824.65	287	0.51
825.10	254	0.45
826.15	54	0.10
827.30	240	0.43
828.15	67	0.12
829.45	115	0.21
830.40	225	0.40
831.55	269	0.48
832.65	104	0.19
833.55	242	0.43
834.30	105	0.19
835.05	904	1.62
835.70	285	0.51
837.05	164	0.29
839.15	125	0.22
840.10	286	0.51
841.30	1233	2.21
842.20	246	0.44
843.30	163	0.29
844.50	282	0.50
845.40	219	0.39
846.65	105	0.19
847.60	220	0.39
848.25	61	0.11
848.70	237	0.42
849.70	374	0.67
850.85	133	0.24
851.65	61	0.11
852.10	115	0.21
852.80	102	0.18
854.10	225	0.40
855.25	156	0.28
856.20	55	0.10
857.10	198	0.35
857.50	164	0.29
858.30	254	0.45
859.20	99	0.18
859.65	61	0.11
860.60	106	0.19
861.60	116	0.21
862.50	3	0.01
863.50	182	0.33
864.65	170	0.30
866.00	187	0.33
866.60	103	0.18
867.15	95	0.17
868.10	17	0.03
869.05	84	0.15
869.45	59	0.11
870.20	199	0.36
871.40	98	0.18
872.40	150	0.27
873.15	185	0.33
873.55	56	0.10
874.60	217	0.39
875.55	118	0.21
876.65	163	0.29
877.60	1	0.00
878.55	802	1.44
879.85	394	0.71
881.40	146	0.26
882.10	358	0.64
882.80	55	0.10
883.15	87	0.16
884.30	204	0.37
885.35	308	0.55
886.35	2010	3.60
887.15	108	0.19
887.50	98	0.18
888.60	80	0.14
889.55	347	0.62
890.50	295	0.53
891.90	397	0.71
892.95	72	0.13
893.95	249	0.45
894.90	333	0.60
896.10	215	0.39
896.60	598	1.07
897.15	62	0.11
898.45	564	1.01
898.90	1711	3.06
899.45	960	1.72
900.40	315	0.56
901.55	195	0.35
902.50	248	0.44
903.65	209	0.37
904.75	160	0.29
905.65	70	0.13
906.45	208	0.37
906.75	175	0.31
907.85	264	0.47
909.00	435	0.78
910.20	111	0.20
911.25	329	0.59
912.25	199	0.36
913.30	223	0.40
914.35	369	0.66
915.65	81	0.15
916.60	84	0.15
917.15	372	0.67
917.60	242	0.43
918.75	287	0.51
919.75	229	0.41
920.95	210	0.38
921.85	219	0.39
923.05	186	0.33
924.15	244	0.44
925.15	232	0.42
926.30	404	0.72
927.25	208	0.37
928.40	329	0.59
929.45	414	0.74
930.50	232	0.42
931.60	223	0.40
932.75	189	0.34
933.40	312	0.56
933.85	282	0.50
934.90	412	0.74
936.00	190	0.34
937.00	331	0.59
938.20	176	0.32
939.25	180	0.32
940.35	1205	2.16
941.40	358	0.64
942.30	174	0.31
943.55	224	0.40
944.50	379	0.68
945.75	1496	2.68
946.80	385	0.69
947.75	367	0.66
948.80	217	0.39
950.05	231	0.41
950.95	460	0.82
952.50	447	0.80
953.15	185	0.33
954.25	242	0.43
955.30	145	0.26
956.40	401	0.72
957.50	525	0.94
958.55	226	0.40
959.55	400	0.72
960.65	243	0.44
961.70	177	0.32
962.90	191	0.34
964.00	315	0.56
965.05	252	0.45
966.10	237	0.42
967.35	778	1.39
968.35	317	0.57
969.30	444	0.80
970.50	324	0.58
971.45	427	0.76
972.60	319	0.57
973.65	258	0.46
974.65	580	1.04
975.80	354	0.63
976.85	279	0.50
978.00	391	0.70
978.95	144	0.26
980.10	277	0.50
981.15	382	0.68
982.30	258	0.46
983.30	544	0.97
984.40	317	0.57
985.45	173	0.31
986.50	285	0.51
987.60	321	0.57
988.70	336	0.60
989.80	268	0.48
990.75	78	0.14
991.85	456	0.82
993.05	183	0.33
994.00	44	0.08
995.25	349	0.62
996.25	421	0.75
997.30	287	0.51
998.40	457	0.82
999.45	548	0.98
999.95	626	1.12
1000.45	407	0.73
1001.60	325	0.58
1002.70	453	0.81
1003.80	426	0.76
1004.85	402	0.72
1005.95	461	0.83
1007.10	482	0.86
1008.10	236	0.42
1009.15	76	0.14
1010.15	1001	1.79
1011.30	498	0.89
1012.45	402	0.72
1013.35	2296	4.11
1014.50	238	0.43
1015.70	296	0.53
1016.60	238	0.43
1017.75	215	0.39
1018.85	358	0.64
1020.00	336	0.60
1020.95	255	0.46
1022.10	345	0.62
1023.20	411	0.74
1024.25	116	0.21
1025.30	377	0.68
1026.30	272	0.49
1027.45	394	0.71
1028.55	309	0.55
1029.60	251	0.45
1030.70	244	0.44
1031.60	108	0.19
1032.90	325	0.58
1033.95	390	0.70
1035.05	282	0.50
1036.00	420	0.75
1037.20	418	0.75
1038.25	414	0.74
1039.30	222	0.40
1040.40	491	0.88
1041.40	336	0.60
1042.50	266	0.48
1043.55	557	1.00
1044.65	468	0.84
1045.75	276	0.49
1046.05	216	0.39
1046.65	247	0.44
1047.85	506	0.91
1048.95	320	0.57
1050.10	358	0.64
1051.10	164	0.29
1052.15	283	0.51
1053.30	634	1.14
1054.30	469	0.84
1055.45	374	0.67
1056.40	173	0.31
1057.60	299	0.54
1058.60	478	0.86
1059.70	191	0.34
1060.80	350	0.63
1062.00	378	0.68
1062.95	286	0.51
1064.00	331	0.59
1065.10	213	0.38
1066.15	335	0.60
1067.25	349	0.62
1068.30	334	0.60
1069.45	189	0.34
1070.45	503	0.90
1071.55	314	0.56
1072.65	289	0.52
1073.60	267	0.48
1074.80	206	0.37
1075.90	309	0.55
1077.05	304	0.54
1078.05	415	0.74
1079.05	672	1.20
1080.20	488	0.87
1081.25	325	0.58
1082.30	239	0.43
1083.35	420	0.75
1084.55	444	0.80
1085.60	458	0.82
1086.60	270	0.48
1087.70	557	1.00
1088.75	428	0.77
1089.85	283	0.51
1090.95	295	0.53
1092.05	288	0.52
1093.10	236	0.42
1094.30	235	0.42
1095.20	380	0.68
1096.35	332	0.59
1097.40	422	0.76
1098.50	361	0.65
1099.55	881	1.58
1100.60	328	0.59
1101.75	145	0.26
1102.80	441	0.79
1103.95	407	0.73
1104.85	152	0.27
1106.05	204	0.37
1107.05	159	0.28
1108.25	344	0.62
1109.30	303	0.54
1110.30	265	0.47
1111.50	175	0.31
1112.55	331	0.59
1113.60	173	0.31
1114.65	281	0.50
1115.75	227	0.41
1116.70	220	0.39
1117.85	572	1.02
1119.05	277	0.50
1120.15	133	0.24
1121.30	458	0.82
1122.20	385	0.69
1123.30	192	0.34
1124.35	388	0.69
1125.45	145	0.26
1126.50	201	0.36
1127.55	302	0.54
1128.70	264	0.47
1129.70	191	0.34
1130.70	347	0.62
1131.85	222	0.40
1133.00	412	0.74
1134.00	63	0.11
1135.00	18	0.03
1136.15	297	0.53
1137.25	193	0.35
1138.45	261	0.47
1139.40	325	0.58
1140.55	98	0.18
1141.55	170	0.30
1142.55	189	0.34
1143.55	4415	7.91
1144.60	252	0.45
1145.95	210	0.38
1146.95	172	0.31
1148.25	1088	1.95
1149.15	208	0.37
1150.25	101	0.18
1151.30	204	0.37
1152.40	173	0.31
1153.50	169	0.30
1154.95	968	1.73
1155.50	258	0.46
1156.70	120	0.21
1157.65	281	0.50
1158.70	19	0.03
1159.65	146	0.26
1161.00	200	0.36
1161.90	186	0.33
1163.10	362	0.65
1164.20	193	0.35
1165.25	119	0.21
1166.40	299	0.54
1167.30	138	0.25
1168.45	139	0.25
1169.50	480	0.86
1170.55	403	0.72
1171.65	291	0.52
1172.75	315	0.56
1173.80	60	0.11
1174.80	117	0.21
1176.05	324	0.58
1177.10	34	0.06
1178.30	563	1.01
1179.30	213	0.38
1180.35	84	0.15
1181.05	1025	1.84
1182.45	347	0.62
1183.55	225	0.40
1184.60	280	0.50
1185.70	67	0.12
1186.80	139	0.25
1187.60	107	0.19
1189.10	58	0.10
1190.10	104	0.19
1191.15	232	0.42
1192.50	82	0.15
1193.30	226	0.40
1194.05	1227	2.20
1194.70	91	0.16
1195.50	201	0.36
1196.60	146	0.26
1197.60	236	0.42
1198.75	150	0.27
1199.65	297	0.53
1200.75	302	0.54
1201.95	114	0.20
1202.55	156	0.28
1203.05	156	0.28
1204.05	78	0.14
1205.15	270	0.48
1206.20	140	0.25
1207.35	86	0.15
1208.45	233	0.42
1209.40	336	0.60
1210.60	170	0.30
1211.95	1598	2.86
1212.65	143	0.26
1213.65	161	0.29
1214.80	337	0.60
1215.85	154	0.28
1217.05	214	0.38
1218.10	227	0.41
1219.10	77	0.14
1220.25	205	0.37
1221.25	264	0.47
1222.45	100	0.18
1223.40	331	0.59
1224.55	125	0.22
1225.60	144	0.26
1226.60	242	0.43
1227.80	325	0.58
1228.80	319	0.57
1229.90	175	0.31
1230.95	226	0.40
1231.50	25	0.04
1232.10	238	0.43
1233.00	140	0.25
1234.30	154	0.28
1235.30	304	0.54
1236.25	189	0.34
1237.45	203	0.36
1238.50	350	0.63
1239.55	80	0.14
1240.60	144	0.26
1241.70	176	0.32
1242.75	203	0.36
1243.85	87	0.16
1245.05	263	0.47
1245.95	95	0.17
1247.25	799	1.43
1248.15	121	0.22
1249.30	227	0.41
1250.30	296	0.53
1251.30	169	0.30
1252.50	183	0.33
1253.60	209	0.37
1254.55	363	0.65
1255.70	177	0.32
1256.70	339	0.61
1257.80	78	0.14
1258.95	262	0.47
1260.10	87	0.16
1261.15	162	0.29
1262.05	366	0.66
1263.20	179	0.32
1264.20	3	0.01
1265.20	37	0.07
1266.55	73	0.13
1267.50	120	0.21
1268.55	331	0.59
1269.70	129	0.23
1270.70	186	0.33
1271.65	366	0.66
1272.80	139	0.25
1273.70	15	0.03
1275.05	169	0.30
1275.90	14	0.03
1276.75	76	0.14
1277.20	247	0.44
1278.20	70	0.13
1279.50	232	0.42
1280.40	184	0.33
1281.50	438	0.78
1282.55	237	0.42
1283.60	172	0.31
1284.70	96	0.17
1285.55	108	0.19
1285.95	27	0.05
1286.55	107	0.19
1286.95	192	0.34
1287.95	153	0.27
1289.05	185	0.33
1290.05	307	0.55
1291.15	48	0.09
1292.25	408	0.73
1293.30	244	0.44
1294.50	177	0.32
1295.45	192	0.34
1296.55	104	0.19
1297.60	132	0.24
1298.20	309	0.55
1298.85	199	0.36
1299.90	126	0.23
1301.00	99	0.18
1301.90	176	0.32
1303.05	137	0.25
1304.10	103	0.18
1305.30	99	0.18
1306.30	272	0.49
1307.40	334	0.60
1308.40	186	0.33
1309.55	128	0.23
1310.60	238	0.43
1311.70	209	0.37
1312.50	53	0.09
1312.80	72	0.13
1313.85	155	0.28
1314.90	13	0.02
1315.90	374	0.67
1316.55	126	0.23
1318.40	2	0.00
1319.10	399	0.71
1320.35	51	0.09
1321.55	1174	2.10
1322.00	220	0.39
1322.40	182	0.33
1323.60	121	0.22
1324.45	206	0.37
1325.50	303	0.54
1326.55	299	0.54
1327.85	186	0.33
1328.65	110	0.20
1329.70	38	0.07
1331.10	141	0.25
1331.90	121	0.22
1332.75	36	0.06
1333.50	1	0.00
1334.25	94	0.17
1335.15	178	0.32
1336.45	209	0.37
1337.25	163	0.29
1337.55	131	0.23
1338.10	106	0.19
1339.45	152	0.27
1340.65	135	0.24
1341.70	39	0.07
1342.60	290	0.52
1343.55	374	0.67
1344.05	32	0.06
1344.70	294	0.53
1345.50	53	0.09
1346.35	147	0.26
1347.25	693	1.24
1347.75	137	0.25
1348.30	98	0.18
1348.75	21	0.04
1349.15	51	0.09
1350.15	141	0.25
1351.20	49	0.09
1352.45	220	0.39
1353.25	331	0.59
1354.65	101	0.18
1355.80	85	0.15
1356.70	8	0.01
1357.65	81	0.15
1358.00	107	0.19
1358.80	278	0.50
1359.70	82	0.15
1360.70	5	0.01
1362.05	155	0.28
1363.15	373	0.67
1364.30	331	0.59
1365.15	155	0.28
1365.60	55	0.10
1366.55	249	0.45
1367.60	157	0.28
1368.50	372	0.67
1369.70	223	0.40
1370.55	80	0.14
1370.85	48	0.09
1371.80	10	0.02
1372.65	118	0.21
1373.15	256	0.46
1374.15	111	0.20
1376.25	351	0.63
1377.15	173	0.31
1377.70	132	0.24
1378.25	191	0.34
1379.45	183	0.33
1380.50	238	0.43
1381.55	371	0.66
1382.65	269	0.48
1383.75	242	0.43
1384.95	82	0.15
1385.65	115	0.21
1386.00	192	0.34
1386.95	251	0.45
1388.10	254	0.45
1389.15	168	0.30
1390.10	36	0.06
1391.40	125	0.22
1392.20	112	0.20
1393.55	119	0.21
1394.50	217	0.39
1395.50	36	0.06
1396.65	250	0.45
1397.65	246	0.44
1398.60	7	0.01
1400.00	104	0.19
1401.05	160	0.29
1401.80	245	0.44
1402.20	232	0.42
1403.05	2256	4.04
1404.20	350	0.63
1405.45	308	0.55
1406.45	301	0.54
1407.55	586	1.05
1408.60	111	0.20
1409.50	313	0.56
1410.75	242	0.43
1411.45	40	0.07
1411.90	133	0.24
1412.85	167	0.30
1414.00	287	0.51
1415.20	495	0.89
1416.10	140	0.25
1417.10	21	0.04
1418.30	493	0.88
1419.30	344	0.62
1420.30	76	0.14
1421.50	204	0.37
1422.65	99	0.18
1423.60	258	0.46
1424.60	83	0.15
1425.80	196	0.35
1426.80	181	0.32
1427.85	276	0.49
1428.90	156	0.28
1429.80	2	0.00
1431.15	319	0.57
1432.25	92	0.16
1433.40	344	0.62
1434.25	83	0.15
1435.50	178	0.32
1436.50	406	0.73
1437.70	182	0.33
1438.45	1558	2.79
1439.65	54	0.10
1440.80	276	0.49
1441.90	315	0.56
1443.05	269	0.48
1443.90	448	0.80
1445.15	184	0.33
1446.20	297	0.53
1446.80	458	0.82
1447.40	121	0.22
1448.30	417	0.75
1449.45	289	0.52
1450.65	211	0.38
1451.45	418	0.75
1452.70	323	0.58
1453.85	122	0.22
1454.70	150	0.27
1455.80	97	0.17
1457.00	298	0.53
1458.20	224	0.40
1459.20	18	0.03
1460.35	288	0.52
1461.25	343	0.61
1462.50	261	0.47
1463.45	440	0.79
1464.55	273	0.49
1465.60	226	0.40
1466.65	162	0.29
1467.75	134	0.24
1468.80	44	0.08
1469.85	422	0.76
1470.90	280	0.50
1472.00	1392	2.49
1473.25	206	0.37
1473.90	474	0.85
1475.30	430	0.77
1476.35	458	0.82
1477.55	283	0.51
1478.55	347	0.62
1479.60	190	0.34
1480.70	170	0.30
1481.40	784	1.40
1481.95	143	0.26
1482.75	3911	7.00
1483.95	345	0.62
1485.05	260	0.47
1486.05	487	0.87
1487.25	296	0.53
1488.25	246	0.44
1489.40	227	0.41
1490.40	277	0.50
1491.55	304	0.54
1492.60	319	0.57
1493.65	373	0.67
1494.85	193	0.35
1495.75	325	0.58
1496.95	302	0.54
1497.90	166	0.30
1498.70	38	0.07
1499.50	1735	3.11
1500.00	369	0.66
1501.20	253	0.45
1502.30	436	0.78
1503.30	241	0.43
1504.45	267	0.48
1505.50	185	0.33
1506.65	216	0.39
1507.75	51	0.09
1508.70	158	0.28
1509.70	100	0.18
1510.85	198	0.35
1512.00	387	0.69
1513.00	265	0.47
1514.05	457	0.82
1515.15	336	0.60
1516.35	203	0.36
1517.40	206	0.37
1518.45	148	0.27
1519.55	256	0.46
1520.50	506	0.91
1521.70	181	0.32
1522.70	102	0.18
1523.75	433	0.78
1524.85	350	0.63
1525.95	387	0.69
1527.05	357	0.64
1528.10	224	0.40
1529.15	293	0.52
1530.20	314	0.56
1531.45	685	1.23
1532.45	421	0.75
1533.45	380	0.68
1534.50	350	0.63
1535.60	376	0.67
1536.00	351	0.63
1536.65	212	0.38
1537.80	386	0.69
1538.80	255	0.46
1539.95	249	0.45
1541.00	254	0.45
1542.05	374	0.67
1543.15	337	0.60
1544.20	280	0.50
1545.30	457	0.82
1546.45	232	0.42
1547.45	278	0.50
1548.45	280	0.50
1549.60	582	1.04
1550.65	533	0.95
1551.70	231	0.41
1552.80	2264	4.05
1554.00	295	0.53
1554.95	146	0.26
1555.95	232	0.42
1557.00	454	0.81
1558.10	138	0.25
1559.30	600	1.07
1560.35	425	0.76
1561.45	371	0.66
1562.50	358	0.64
1563.55	451	0.81
1564.70	425	0.76
1565.65	258	0.46
1566.90	279	0.50
1567.85	579	1.04
1569.00	328	0.59
1569.95	174	0.31
1571.15	307	0.55
1572.15	482	0.86
1573.30	427	0.76
1574.35	448	0.80
1575.35	477	0.85
1576.45	230	0.41
1577.55	550	0.98
1578.60	442	0.79
1579.70	340	0.61
1580.75	276	0.49
1581.90	275	0.49
1582.90	318	0.57
1584.00	460	0.82
1585.10	233	0.42
1586.20	305	0.55
1587.20	379	0.68
1588.35	335	0.60
1589.35	253	0.45
1590.60	685	1.23
1591.60	515	0.92
1592.60	505	0.90
1593.80	508	0.91
1594.80	335	0.60
1595.90	448	0.80
1596.80	326	0.58
1598.00	462	0.83
1599.10	233	0.42
1600.20	231	0.41
1601.25	489	0.88
1602.25	248	0.44
1603.45	382	0.68
1604.45	306	0.55
1605.60	386	0.69
1606.60	368	0.66
1607.65	480	0.86
1608.70	108	0.19
1609.85	230	0.41
1610.90	2798	5.01
1611.95	268	0.48
1613.05	298	0.53
1614.20	386	0.69
1615.25	253	0.45
1616.30	449	0.80
1617.40	405	0.73
1618.45	273	0.49
1619.50	205	0.37
1620.55	237	0.42
1621.70	364	0.65
1622.70	295	0.53
1623.75	259	0.46
1624.20	661	1.18
1624.85	544	0.97
1626.00	386	0.69
1627.10	172	0.31
1628.10	227	0.41
1629.20	304	0.54
1630.40	142	0.25
1631.40	450	0.81
1632.40	288	0.52
1633.55	345	0.62
1634.60	449	0.80
1635.60	426	0.76
1636.65	375	0.67
1637.80	399	0.71
1638.85	200	0.36
1640.00	260	0.47
1641.05	503	0.90
1642.10	174	0.31
1643.20	284	0.51
1644.25	212	0.38
1645.35	248	0.44
1646.45	432	0.77
1647.50	245	0.44
1648.60	262	0.47
1649.65	443	0.79
1650.65	351	0.63
1651.75	258	0.46
1652.20	542	0.97
1652.85	229	0.41
1653.95	279	0.50
1655.10	436	0.78
1656.15	270	0.48
1657.25	458	0.82
1658.30	308	0.55
1659.30	323	0.58
1660.40	167	0.30
1661.50	334	0.60
1662.50	237	0.42
1663.65	186	0.33
1664.65	291	0.52
1665.85	361	0.65
1666.95	345	0.62
1667.95	362	0.65
1669.00	218	0.39
1670.10	371	0.66
1671.20	341	0.61
1672.35	331	0.59
1673.35	428	0.77
1674.40	280	0.50
1675.45	369	0.66
1676.60	235	0.42
1677.65	247	0.44
1678.70	177	0.32
1679.70	205	0.37
1680.80	126	0.23
1682.05	478	0.86
1683.10	257	0.46
1684.10	303	0.54
1685.20	382	0.68
1686.30	431	0.77
1687.45	367	0.66
1688.40	322	0.58
1689.50	308	0.55
1690.60	478	0.86
1691.70	489	0.88
1692.70	240	0.43
1693.80	275	0.49
1694.90	494	0.88
1696.00	194	0.35
1697.30	1057	1.89
1698.10	349	0.62
1699.20	389	0.70
1700.30	513	0.92
1701.35	248	0.44
1702.45	440	0.79
1703.50	418	0.75
1704.55	389	0.70
1705.60	199	0.36
1706.65	143	0.26
1707.80	248	0.44
1708.90	436	0.78
1710.05	479	0.86
1711.05	134	0.24
1712.15	288	0.52
1713.20	423	0.76
1714.25	140	0.25
1715.30	425	0.76
1716.45	281	0.50
1717.55	191	0.34
1718.50	203	0.36
1719.70	417	0.75
1720.75	1463	2.62
1721.90	383	0.69
1722.80	201	0.36
1724.00	408	0.73
1725.05	501	0.90
1726.05	120	0.21
1726.65	534	0.96
1727.20	431	0.77
1728.20	226	0.40
1729.45	351	0.63
1730.40	291	0.52
1731.55	386	0.69
1732.60	301	0.54
1733.65	559	1.00
1734.70	203	0.36
1735.75	250	0.45
1736.90	340	0.61
1737.90	253	0.45
1739.10	337	0.60
1740.05	214	0.38
1741.15	159	0.28
1742.25	374	0.67
1743.35	288	0.52
1744.45	396	0.71
1745.55	178	0.32
1746.65	417	0.75
1747.65	544	0.97
1748.90	925	1.66
1749.75	203	0.36
1750.75	142	0.25
1751.95	536	0.96
1753.00	227	0.41
1754.10	181	0.32
1755.00	123	0.22
1756.30	252	0.45
1757.30	610	1.09
1758.35	211	0.38
1759.50	310	0.56
1760.60	404	0.72
1761.55	251	0.45
1762.65	316	0.57
1763.70	289	0.52
1764.85	222	0.40
1765.90	376	0.67
1767.00	480	0.86
1768.10	239	0.43
1769.15	459	0.82
1770.25	411	0.74
1771.25	134	0.24
1772.35	372	0.67
1773.40	316	0.57
1773.75	245	0.44
1774.60	302	0.54
1775.55	241	0.43
1776.70	285	0.51
1777.75	246	0.44
1778.50	2310	4.14
1779.95	324	0.58
1781.05	408	0.73
1782.10	386	0.69
1783.20	248	0.44
1784.20	292	0.52
1785.25	313	0.56
1786.25	813	1.46
1787.50	432	0.77
1788.60	148	0.27
1789.55	371	0.66
1790.60	232	0.42
1791.70	198	0.35
1792.80	358	0.64
1793.90	167	0.30
1794.85	121	0.22
1796.05	416	0.74
1797.10	500	0.90
1798.20	294	0.53
1799.20	929	1.66
1800.25	171	0.31
1801.35	338	0.61
1802.50	173	0.31
1803.50	262	0.47
1804.50	286	0.51
1805.55	329	0.59
1806.70	280	0.50
1807.80	354	0.63
1808.95	516	0.92
1809.95	235	0.42
1811.05	329	0.59
1812.10	377	0.68
1813.20	240	0.43
1814.30	352	0.63
1815.10	826	1.48
1816.45	999	1.79
1817.50	460	0.82
1818.60	427	0.76
1819.60	359	0.64
1820.75	438	0.78
1821.70	131	0.23
1822.90	400	0.72
1824.00	350	0.63
1824.95	223	0.40
1826.20	526	0.94
1827.20	214	0.38
1828.30	211	0.38
1829.35	288	0.52
1830.45	365	0.65
1831.50	327	0.59
1832.55	346	0.62
1833.60	278	0.50
1834.75	450	0.81
1835.80	574	1.03
1836.75	584	1.05
1838.00	251	0.45
1839.05	358	0.64
1840.15	226	0.40
1841.25	419	0.75
1842.25	246	0.44
1843.40	283	0.51
1844.45	397	0.71
1845.55	544	0.97
1846.55	314	0.56
1847.60	246	0.44
1848.70	475	0.85
1849.80	430	0.77
1850.95	484	0.87
1851.90	139	0.25
1853.10	273	0.49
1854.30	1950	3.49
1855.25	390	0.70
1856.20	246	0.44
1856.60	39	0.07
1857.30	221	0.40
1858.40	329	0.59
1859.45	364	0.65
1860.55	370	0.66
1861.65	123	0.22
1862.65	362	0.65
1863.75	314	0.56
1864.75	70	0.13
1865.10	110	0.20
1865.95	277	0.50
1867.05	259	0.46
1868.05	235	0.42
1869.15	285	0.51
1870.25	235	0.42
1871.30	411	0.74
1872.40	228	0.41
1873.45	328	0.59
1874.55	373	0.67
1875.60	208	0.37
1876.65	158	0.28
1877.55	992	1.78
1878.75	270	0.48
1880.00	382	0.68
1881.00	131	0.23
1882.00	71	0.13
1883.30	1720	3.08
1884.25	968	1.73
1885.40	275	0.49
1886.45	296	0.53
1887.45	372	0.67
1888.55	325	0.58
1889.60	192	0.34
1890.70	414	0.74
1891.70	276	0.49
1892.80	370	0.66
1893.85	277	0.50
1895.00	278	0.50
1896.00	400	0.72
1897.20	386	0.69
1898.20	550	0.98
1899.35	280	0.50
1900.45	273	0.49
1901.40	416	0.74
1902.55	254	0.45
1903.55	210	0.38
1904.55	164	0.29
1905.70	79	0.14
1906.80	153	0.27
1907.95	340	0.61
1908.90	18	0.03
1910.20	302	0.54
1911.15	317	0.57
1912.25	110	0.20
1913.35	316	0.57
1914.40	294	0.53
1915.50	228	0.41
1916.55	468	0.84
1917.65	285	0.51
1918.65	304	0.54
1919.80	314	0.56
1920.80	164	0.29
1921.95	137	0.25
1923.05	308	0.55
1924.05	115	0.21
1925.20	282	0.50
1926.20	346	0.62
1927.35	248	0.44
1928.45	439	0.79
1929.40	9	0.02
1930.50	208	0.37
1931.55	230	0.41
1932.65	234	0.42
1933.75	174	0.31
1934.95	212	0.38
1935.85	605	1.08
1937.00	296	0.53
1938.15	232	0.42
1939.25	63	0.11
1940.20	234	0.42
1941.25	299	0.54
1942.50	278	0.50
1943.30	492	0.88
1944.50	41	0.07
1945.60	123	0.22
1946.60	161	0.29
1947.75	92	0.16
1948.95	43	0.08
1949.95	145	0.26
1950.90	236	0.42
1951.90	76	0.14
1953.10	210	0.38
1954.20	118	0.21
1955.35	148	0.27
1956.15	50	0.09
1957.55	1217	2.18
1958.45	156	0.28
1959.60	132	0.24
1960.60	129	0.23
1961.65	237	0.42
1962.70	51	0.09
1963.95	135	0.24
1965.00	222	0.40
1965.65	997	1.79
1967.10	143	0.26
1968.15	292	0.52
1969.00	375	0.67
1970.40	184	0.33
1971.45	183	0.33
1972.50	204	0.37
1973.50	306	0.55
1974.45	72	0.13
1975.65	445	0.80
1976.85	294	0.53
1977.85	202	0.36
1978.85	349	0.62
1979.90	119	0.21
1981.10	135	0.24
1982.25	203	0.36
1983.10	137	0.25
1984.10	12	0.02
1985.35	845	1.51
1986.30	130	0.23
1987.50	111	0.20
1987.90	175	0.31
1988.80	15	0.03
1989.65	129	0.23
1990.75	346	0.62
1991.85	222	0.40
1992.80	58	0.10
1993.95	216	0.39
1995.10	219	0.39
1995.85	84	0.15
1997.25	108	0.19
1998.20	156	0.28
1999.20	9	0.02
Event	1
