[MS Spectrum]
# of Peaks	662
Raw Spectrum	[7.115],(scan:[2847])
Background	No Background Spectrum
Base Peak	m/z 125.90 (Inten : 73,331)
m/z	Absolute Intensity	Relative Intensity
50.40	99	0.14
50.90	179	0.24
51.85	26	0.04
52.85	34	0.05
53.85	8	0.01
54.85	9	0.01
55.85	45	0.06
56.95	985	1.34
60.05	2594	3.54
60.45	2227	3.04
61.45	64	0.09
61.85	32	0.04
62.85	8	0.01
63.85	4	0.01
65.85	9	0.01
66.85	4	0.01
67.85	68	0.09
68.85	36	0.05
70.85	12	0.02
73.00	42	0.06
74.95	4	0.01
76.15	114	0.16
77.95	49	0.07
78.80	899	1.23
79.35	530	0.72
79.80	80	0.11
80.75	35	0.05
81.75	74	0.10
83.00	60243	82.15
83.95	1502	2.05
85.05	4689	6.39
86.00	56	0.08
86.50	530	0.72
87.30	240	0.33
88.75	134	0.18
91.75	11	0.02
92.75	10	0.01
94.55	117	0.16
95.05	90	0.12
95.70	15	0.02
96.10	106	0.14
97.25	82	0.11
97.65	43	0.06
98.80	835	1.14
99.30	171	0.23
99.70	88	0.12
100.30	93	0.13
101.45	87	0.12
101.85	129	0.18
102.85	19	0.03
103.85	3	0.00
104.85	2	0.00
105.85	14	0.02
106.85	11	0.02
107.85	6	0.01
109.15	1137	1.55
109.65	184	0.25
111.65	369	0.50
112.40	105	0.14
113.35	10	0.01
114.15	3	0.00
115.00	168	0.23
115.50	117	0.16
116.55	106	0.14
117.55	21	0.03
118.60	858	1.17
118.95	846	1.15
119.70	336	0.46
120.20	2019	2.75
120.85	1091	1.49
122.60	718	0.98
123.65	6	0.01
124.65	54	0.07
125.90	73331	100.00
127.00	1635	2.23
127.85	5479	7.47
129.00	189	0.26
130.30	704	0.96
131.55	8	0.01
134.15	1177	1.61
135.55	1032	1.41
136.55	335	0.46
136.90	160	0.22
138.20	24991	34.08
139.05	64	0.09
139.75	3109	4.24
140.60	94	0.13
142.55	32	0.04
143.65	98	0.13
144.55	44	0.06
145.35	1488	2.03
146.35	14	0.02
147.35	23	0.03
148.35	36	0.05
150.35	46	0.06
151.35	25	0.03
152.25	30	0.04
153.15	520	0.71
153.90	2462	3.36
154.85	59	0.08
155.80	139	0.19
156.75	190	0.26
157.80	116	0.16
159.25	624	0.85
160.25	12	0.02
161.15	18	0.02
162.00	1232	1.68
163.25	325	0.44
164.80	926	1.26
165.20	259	0.35
167.20	440	0.60
168.10	1375	1.88
169.15	22	0.03
171.20	1765	2.41
172.05	1224	1.67
172.55	72	0.10
173.55	34	0.05
175.10	209	0.29
175.60	84	0.11
176.75	125	0.17
177.15	69	0.09
178.15	33	0.05
179.15	4	0.01
180.45	168	0.23
181.80	143	0.20
183.10	1226	1.67
184.05	5	0.01
186.00	716	0.98
187.05	47	0.06
188.05	3	0.00
189.30	63	0.09
189.95	699	0.95
190.95	75	0.10
191.75	12	0.02
192.55	208	0.28
193.55	26	0.04
194.55	2	0.00
195.35	61	0.08
196.20	2375	3.24
197.15	252	0.34
197.95	1823	2.49
198.90	3710	5.06
199.95	8	0.01
200.85	130	0.18
201.85	3	0.00
202.85	10	0.01
203.85	45	0.06
204.75	14	0.02
205.65	1326	1.81
206.65	359	0.49
207.15	242	0.33
207.65	83	0.11
208.70	300	0.41
209.20	153	0.21
209.80	102	0.14
210.55	38	0.05
211.35	268	0.37
211.85	107	0.15
212.85	408	0.56
213.95	33890	46.22
215.05	4759	6.49
216.00	972	1.33
217.05	69	0.09
218.15	86	0.12
219.15	98	0.13
220.15	45	0.06
221.00	815	1.11
222.05	20	0.03
224.30	1063	1.45
225.00	117	0.16
225.50	138	0.19
226.10	2129	2.90
227.05	122	0.17
228.05	2	0.00
229.20	81	0.11
231.15	46	0.06
232.15	60	0.08
233.05	37	0.05
233.85	789	1.08
235.00	666	0.91
235.95	59	0.08
237.05	1155	1.58
238.65	557	0.76
239.20	3169	4.32
239.80	821	1.12
240.75	1149	1.57
241.20	427	0.58
242.20	4599	6.27
244.15	15	0.02
245.15	3	0.00
246.15	13	0.02
247.40	192	0.26
248.25	1	0.00
249.05	80	0.11
249.60	158	0.22
250.20	208	0.28
250.65	175	0.24
251.20	145	0.20
251.75	169	0.23
252.20	343	0.47
253.25	7	0.01
254.15	2271	3.10
254.90	39588	53.99
256.20	4652	6.34
256.80	614	0.84
257.20	342	0.47
258.00	1232	1.68
260.95	2	0.00
262.75	713	0.97
263.75	59	0.08
264.75	10	0.01
265.85	901	1.23
267.05	4856	6.62
268.10	849	1.16
269.50	65	0.09
271.55	16	0.02
273.55	24	0.03
274.55	53	0.07
275.90	55	0.08
276.25	40	0.05
277.45	22	0.03
277.85	60	0.08
278.75	164	0.22
280.15	51	0.07
280.95	3675	5.01
281.55	46	0.06
282.05	230	0.31
283.05	14	0.02
284.05	31	0.04
285.10	195	0.27
286.05	135	0.18
287.45	28	0.04
288.10	1084	1.48
289.00	137	0.19
289.40	57	0.08
290.35	715	0.98
290.85	378	0.52
292.10	64	0.09
292.55	41	0.06
293.20	274	0.37
294.15	33	0.05
295.40	745	1.02
296.65	1917	2.61
297.95	245	0.33
299.85	30	0.04
301.85	8	0.01
302.85	12	0.02
303.85	939	1.28
304.85	6	0.01
305.85	12	0.02
307.25	794	1.08
308.95	255	0.35
309.85	6	0.01
310.75	765	1.04
311.35	881	1.20
312.10	794	1.08
313.15	49	0.07
315.15	6	0.01
316.15	35	0.05
317.15	23	0.03
318.15	41	0.06
319.05	7	0.01
319.95	79	0.11
322.75	1688	2.30
323.80	1155	1.58
324.85	1562	2.13
326.05	19115	26.07
327.45	1880	2.56
328.45	33	0.05
330.55	187	0.26
331.55	37	0.05
332.55	16	0.02
333.35	34	0.05
334.25	121	0.17
335.15	44	0.06
336.15	51	0.07
337.40	3989	5.44
338.15	7062	9.63
338.85	22578	30.79
339.95	7769	10.59
341.00	2200	3.00
341.90	76	0.10
342.80	751	1.02
343.35	274	0.37
344.15	2	0.00
345.00	734	1.00
347.95	29	0.04
348.95	8	0.01
350.90	1914	2.61
352.10	6004	8.19
353.35	734	1.00
354.20	899	1.23
355.10	946	1.29
355.85	16	0.02
356.85	53	0.07
358.30	90	0.12
358.70	140	0.19
359.30	138	0.19
359.90	1933	2.64
360.65	36	0.05
361.40	1184	1.61
363.45	3	0.00
364.45	25	0.03
365.90	380	0.52
367.10	278	0.38
368.05	18	0.02
369.10	570	0.78
370.05	18	0.02
371.00	1428	1.95
371.70	366	0.50
373.20	2126	2.90
375.25	351	0.48
376.25	25	0.03
377.15	5774	7.87
378.05	65	0.09
378.85	1762	2.40
379.90	27040	36.87
380.65	5951	8.12
381.10	5530	7.54
382.10	346	0.47
383.10	297	0.41
384.45	131	0.18
385.05	39	0.05
385.35	50	0.07
386.15	6449	8.79
386.90	59069	80.55
388.10	18398	25.09
389.15	2646	3.61
390.15	22	0.03
391.15	1963	2.68
391.70	106	0.14
392.75	23	0.03
393.75	1	0.00
395.10	487	0.66
396.60	453	0.62
397.75	1051	1.43
399.10	54	0.07
400.15	8	0.01
401.15	1321	1.80
402.10	814	1.11
402.75	54	0.07
403.95	19785	26.98
404.75	4225	5.76
406.85	1186	1.62
407.95	873	1.19
409.25	2300	3.14
411.10	1679	2.29
412.05	16	0.02
412.95	667	0.91
414.35	849	1.16
414.95	11970	16.32
415.40	10347	14.11
416.15	3413	4.65
417.40	731	1.00
418.20	668	0.91
419.95	296	0.40
421.00	690	0.94
422.10	1089	1.49
422.65	57	0.08
423.65	5	0.01
424.75	276	0.38
425.75	32	0.04
426.55	25	0.03
427.40	1032	1.41
428.20	574	0.78
429.15	1126	1.54
430.10	737	1.01
431.25	1873	2.55
431.85	4497	6.13
433.15	1609	2.19
433.70	1614	2.20
434.75	59	0.08
436.75	3	0.00
437.75	10	0.01
439.20	899	1.23
440.15	7	0.01
441.10	2229	3.04
442.20	56	0.08
442.60	67	0.09
443.55	14	0.02
444.40	4847	6.61
445.35	2	0.00
447.00	816	1.11
448.85	1	0.00
450.35	333	0.45
451.60	95	0.13
452.10	491	0.67
453.25	2996	4.09
454.30	3243	4.42
455.20	769	1.05
456.15	9	0.01
458.95	2334	3.18
459.60	2149	2.93
460.05	1815	2.48
462.05	3	0.00
463.10	365	0.50
463.60	68	0.09
465.40	2458	3.35
466.05	3162	4.31
466.90	471	0.64
468.20	3018	4.12
469.40	1447	1.97
470.00	111	0.15
470.45	78	0.11
471.45	70	0.10
472.55	2933	4.00
473.80	1815	2.48
475.30	242	0.33
476.05	6	0.01
476.90	475	0.65
478.85	23	0.03
479.85	35	0.05
481.85	4	0.01
482.90	411	0.56
483.85	41	0.06
487.75	199	0.27
488.75	29	0.04
489.85	409	0.56
490.20	1067	1.46
491.15	558	0.76
492.05	48	0.07
493.00	6758	9.22
493.75	1194	1.63
494.75	20	0.03
496.40	1446	1.97
497.15	471	0.64
497.65	202	0.28
498.35	982	1.34
501.15	1741	2.37
502.00	555	0.76
503.50	89	0.12
504.95	138	0.19
505.45	749	1.02
506.35	3	0.00
507.25	358	0.49
508.25	128	0.17
508.75	53	0.07
509.75	13	0.02
512.50	755	1.03
515.25	18	0.02
516.05	80	0.11
518.25	274	0.37
519.05	4674	6.37
521.30	3639	4.96
521.85	842	1.15
522.70	341	0.47
523.35	467	0.64
524.40	42	0.06
526.50	457	0.62
528.25	8	0.01
529.10	39	0.05
531.05	31	0.04
532.20	107	0.15
533.80	78	0.11
535.30	59	0.08
536.25	9	0.01
537.25	29	0.04
538.25	19	0.03
539.25	506	0.69
540.10	3966	5.41
541.55	581	0.79
542.50	495	0.68
543.55	9	0.01
544.55	5	0.01
545.55	5	0.01
546.45	196	0.27
547.45	11	0.02
550.45	109	0.15
551.45	50	0.07
552.45	11	0.02
553.45	14	0.02
555.45	17	0.02
556.40	3617	4.93
558.10	455	0.62
559.05	43	0.06
560.05	3	0.00
561.55	70	0.10
562.55	81	0.11
563.55	14	0.02
565.05	774	1.06
566.00	187	0.26
566.40	252	0.34
566.80	100	0.14
567.40	67	0.09
567.85	288	0.39
568.40	200	0.27
569.15	12	0.02
569.95	93	0.13
570.95	56	0.08
575.50	1074	1.46
576.05	291	0.40
576.85	413	0.56
577.55	418	0.57
578.55	11	0.02
579.55	77	0.11
580.50	259	0.35
581.05	98	0.13
581.50	191	0.26
582.05	797	1.09
582.85	5	0.01
583.65	439	0.60
585.05	4896	6.68
586.05	16	0.02
587.05	11	0.02
588.05	4	0.01
589.05	6	0.01
590.95	36	0.05
591.35	34	0.05
592.60	292	0.40
593.70	73	0.10
597.50	3668	5.00
600.05	85	0.12
600.60	512	0.70
601.55	31	0.04
602.35	587	0.80
603.10	266	0.36
604.05	4	0.01
607.65	354	0.48
608.75	117	0.16
610.10	1302	1.78
611.65	241	0.33
612.65	2585	3.53
613.35	547	0.75
616.30	457	0.62
617.65	115	0.16
618.35	54	0.07
619.10	90	0.12
619.60	27	0.04
621.15	36	0.05
622.15	15	0.02
625.65	60	0.08
626.65	23	0.03
627.55	12	0.02
628.40	1605	2.19
629.20	1832	2.50
631.60	639	0.87
632.70	506	0.69
634.70	770	1.05
635.75	28	0.04
636.90	121	0.17
637.35	25	0.03
639.35	20	0.03
641.35	17	0.02
642.25	6	0.01
643.10	213	0.29
643.95	3085	4.21
646.35	103	0.14
649.10	1570	2.14
651.05	12	0.02
653.05	4	0.01
654.05	16	0.02
655.45	99	0.14
656.05	14	0.02
656.85	203	0.28
657.50	1262	1.72
661.40	771	1.05
663.40	539	0.74
665.35	2	0.00
667.30	193	0.26
669.35	788	1.07
670.25	3	0.00
671.15	459	0.63
671.95	19	0.03
674.30	953	1.30
675.00	38	0.05
676.65	45	0.06
677.75	96	0.13
679.75	21	0.03
680.75	20	0.03
682.10	38	0.05
682.80	715	0.98
683.30	813	1.11
684.00	1810	2.47
686.20	796	1.09
686.70	79	0.11
689.75	16	0.02
690.90	341	0.47
692.95	3	0.00
694.45	565	0.77
696.10	74	0.10
697.25	814	1.11
698.80	825	1.13
699.85	66	0.09
700.80	950	1.30
701.55	2	0.00
702.40	527	0.72
703.00	131	0.18
705.40	1794	2.45
708.25	10	0.01
709.10	433	0.59
710.05	1	0.00
710.80	196	0.27
712.85	46	0.06
713.85	13	0.02
716.55	1235	1.68
717.10	37	0.05
718.60	147	0.20
719.55	14	0.02
721.45	15	0.02
722.40	30	0.04
722.90	824	1.12
724.10	2537	3.46
724.90	78	0.11
726.35	77	0.11
727.35	29	0.04
729.00	1872	2.55
730.05	33	0.05
731.80	76	0.10
732.35	1224	1.67
733.35	17	0.02
735.35	23	0.03
736.35	531	0.72
737.35	2	0.00
738.35	329	0.45
739.60	83	0.11
740.45	27	0.04
741.20	46	0.06
742.25	18	0.02
743.25	32	0.04
744.25	47	0.06
745.30	2179	2.97
746.15	5	0.01
746.95	85	0.12
748.90	757	1.03
752.25	899	1.23
753.25	61	0.08
754.15	16	0.02
754.95	120	0.16
756.05	442	0.60
757.55	1998	2.72
758.20	3663	5.00
759.05	4062	5.54
759.50	1163	1.59
762.30	168	0.23
765.10	217	0.30
766.40	103	0.14
767.50	39	0.05
767.80	34	0.05
769.75	28	0.04
770.50	3974	5.42
772.45	157	0.21
775.75	1200	1.64
777.15	6475	8.83
778.40	52	0.07
779.10	726	0.99
780.20	1565	2.13
780.90	38	0.05
781.65	170	0.23
782.40	4311	5.88
783.00	1987	2.71
784.20	8591	11.72
784.95	429	0.59
788.15	593	0.81
789.15	4	0.01
790.10	309	0.42
790.45	67	0.09
791.20	441	0.60
791.75	51	0.07
793.85	4	0.01
794.85	9	0.01
797.15	765	1.04
797.85	1425	1.94
Event	1
